TSPYL5(AL080059),ALDH4A1(NM_003748),MMP9(NM_004994),WISP1(NM_003882),SERF1A(AF073519),TGF?3(NM_003239),SMIM5(Contig24252_RC),HRASLS1(NM_020386),ECI2(NM_006117),DTL(NM_016448),Contig63649_RC,Contig46218_RC,NM_016359,AA555029_RC,Contig38288_RC,NM_003862,Contig28552_RC,Contig32125_RC,U82987,AL137718,AB037863,NM_020188,NM_020974,NM_000127,NM_002019,NM_002073,NM_000436,Contig55377_RC,Contig35251_RC,Contig25991,NM_003875,NM_006101,NM_003607,AF052162,NM_000849,Contig32185_RC,NM_016577,Contig48328_RC,Contig46223_RC,NM_015984,AK000745,Contig40831_RC,NM_014791,X05610,NM_018401,NM_000788,Contig51464_RC,AL080079,NM_006931,AF257175,NM_014321,NM_002916,Contig55725_RC,AF201951,NM_005915,NM_001282,Contig56457_RC,NM_000599,NM_014889,AF055033,NM_006681,NM_007203,Contig63102_RC,NM_003981,Contig20217_RC,NM_001809,Contig2399_RC,NM_004702,NM_007036,NM_018354
-0.536,0.292,-0.684,0.123,-0.118,0.346,-0.308,-0.113,0.401,-0.399,-0.085,-0.251,-0.406,-0.161,-0.178,0.321,-0.257,0.016,-0.003,-0.161,0.057,-0.275,-0.162,0.002,0.014,0.208,-0.039,0.148,-0.14,-0.334,-0.285,-0.117,-0.064,-0.002,0.278,-0.384,-0.2,0.339,-0.009,-0.195,-0.169,0.117,-0.315,-0.025,0.135,-0.211,-0.172,-0.369,-0.058,0.283,-0.364,-0.221,-0.698,-0.334,-0.263,0.107,-0.075,-0.327,-0.198,-0.257,-0.205,-0.135,-0.063,-0.41,-0.223,-0.599,-0.136,-0.329,-0.132,-0.266
-0.496,-0.298,-0.529,0.073,-0.072,0.107,-0.316,-0.066,-0.168,-0.099,-0.334,-0.205,-0.188,-0.003,0.02,0.031,-0.203,-0.165,-0.026,-0.105,-0.074,-0.13,0.176,-0.045,0.287,-0.218,-0.014,0.058,-0.114,-0.013,-0.137,-0.185,-0.056,-0.062,-0.173,-0.117,-0.155,-0.618,-0.089,0.057,-0.056,-0.066,-0.229,0.163,-0.049,-0.004,-0.097,-0.258,-0.159,-0.136,-0.337,-0.011,-0.593,0.216,-0.064,0.056,0.004,-0.305,-0.018,-0.23,-0.15,0.189,0.007,-0.362,-0.151,-0.338,-0.031,-0.159,-0.097,-0.131
0.008,-0.031,-0.24,0.178,-0.12,0.317,-0.481,0.031,-0.077,0.063,-0.297,-0.036,-0.115,-0.207,-0.005,0.17,0.01,0.212,0.138,-0.005,0.033,-0.3,0.689,0.039,0.128,-0.153,-0.266,0.206,-0.208,-0.042,-0.153,0.08,-0.13,0.052,0.211,-0.169,-0.222,-0.18,0.038,-0.195,-0.254,-0.259,-0.097,0.095,0.178,-0.156,-0.091,-0.477,-0.221,-0.02,-0.386,-0.223,-0.739,-0.027,-0.149,0.331,0.102,-0.189,-0.112,-0.121,0.121,-0.035,0.101,-0.098,-0.172,-0.29,0.033,-0.342,-0.321,-0.238
-0.188,-0.18,-0.062,-0.104,-0.136,-0.061,-0.216,-0.143,0.068,-0.189,-0.153,-0.295,-0.566,-0.219,-0.188,-0.317,-0.301,-0.113,0.018,-0.121,-0.155,-0.272,-0.531,-0.229,0.029,-0.169,-0.18,0.088,-0.037,-0.148,-0.257,-0.128,-0.224,-0.009,0.19,-0.095,-0.337,0.241,-0.037,-0.124,-0.206,-0.074,-0.213,-0.127,0.018,-0.09,-0.183,-0.267,-0.092,0.087,-0.403,-0.071,-0.708,0.389,-0.245,-0.007,-0.153,-0.405,-0.102,-0.12,-0.141,0.146,-0.145,-0.527,-0.292,-0.663,-0.078,-0.194,-0.151,-0.268
0.038,0.155,-0.203,-0.088,-0.084,-0.164,-0.145,-0.168,0.008,0.143,-0.092,0.166,0.227,-0.127,-0.048,-0.291,0.119,-0.091,0.062,0.069,0.009,0.026,-0.036,-0.172,-0.036,-0.254,-0.011,-0.104,-0.09,0.139,-0.178,0.114,-0.107,-0.079,0.287,-0.108,-0.213,-0.416,-0.061,0.01,-0.193,0.137,0.104,-0.033,0.06,0.102,-0.017,-0.44,-0.034,0.016,0.05,-0.072,-0.595,0.032,0.043,0.017,-0.099,-0.188,0.042,-0.124,-0.097,0.019,-0.084,0.164,-0.165,-0.126,-0.112,0.029,-0.138,0.148
0.151,-0.048,-0.346,0.06,0.089,-0.057,-0.168,0.108,-0.223,0.089,-0.21,0.034,0.037,-0.065,-0.026,-0.425,0.204,0.016,0.075,0.059,-0.062,-0.042,0.276,-0.207,-0.148,-0.029,-0.197,-0.182,-0.048,0.481,-0.139,0.204,0.178,-0.073,-0.326,-0.111,-0.215,-0.658,-0.047,-0.157,-0.189,-0.016,0.094,-0.023,-0.049,-0.053,-0.049,-0.252,-0.151,-0.265,-0.121,-0.063,-0.38,-0.264,-0.038,-0.058,-0.104,-0.191,-0.121,-0.105,-0.152,-0.2,-0.07,0.166,-0.002,0.076,-0.027,0.278,-0.16,-0.144
0.117,0.125,-0.584,-0.104,-0.174,-0.048,-0.467,-0.101,0.036,0.116,-0.258,0.078,-0.088,-0.32,-0.087,-0.236,0.237,0.16,0.119,0.077,0.232,-0.183,0.257,-0.274,0.046,-0.131,-0.213,0.132,-0.136,0.128,-0.402,0.277,-0.301,-0.026,-0.062,-0.113,-0.224,-0.254,0.203,-0.255,-0.306,-0.239,-0.081,0.125,0.086,-0.123,-0.004,-0.573,-0.002,0.126,-0.244,-0.213,-0.54,0.051,-0.039,0.149,-0.246,-0.17,-0.22,-0.059,-0.428,-0.005,0.14,0.032,-0.409,-0.185,-0.03,-0.027,-0.271,0.022
0.105,0.032,-0.348,-0.02,0.047,0.045,-0.089,-0.009,0.085,0.018,-0.137,-0.02,-0.272,-0.051,-0.181,-0.142,-0.03,0.135,0.072,-0.007,-0.096,-0.15,0.446,0.046,-0.205,0.11,-0.24,0.053,-0.06,-0.014,0.126,-0.025,-0.014,0.022,0.176,-0.108,-0.227,0.628,-0.067,-0.056,0.119,-0.113,-0.112,-0.007,0.102,-0.02,-0.077,-0.335,-0.171,0.152,-0.213,0.027,-0.721,0.299,-0.039,0.211,-0.1,0.033,-0.198,0.023,0.038,-0.207,0.149,-0.286,-0.17,-0.245,-0.206,-0.054,-0.142,-0.219
0.308,0.369,-0.336,-0.115,0.07,-0.163,-0.047,0.283,-0.084,-0.048,0.035,0.156,0.173,-0.134,0.173,-0.445,0.11,-0.038,-0.298,0.062,-0.206,0.192,-1.012,-0.045,0.081,-0.346,0.028,-0.048,0.597,0.146,0.059,-0.098,-0.1,0.082,-0.138,-0.03,0.865,-0.519,0.031,0.03,-0.088,0.461,0.167,-0.056,-0.125,-0.013,0.006,0.558,-0.041,-0.005,0.218,0.239,-0.265,-0.315,-0.09,0.045,0.14,-0.545,0.245,-0.395,-0.125,-0.145,-0.295,0.053,0.101,0.15,0.099,0.003,0.061,0.083
0.553,-0.279,-0.464,-0.1,-0.026,-0.433,0.314,-0.039,0.154,-0.032,-0.136,0.15,-0.029,0.009,0.515,-0.306,0.644,-0.043,0.199,0.511,-0.311,-0.008,-0.994,0.271,-0.151,0.344,-0.222,-0.306,-0.158,0.367,-0.12,0.423,0.036,0.074,-0.493,-0.127,0.35,-0.967,-0.222,0.046,-0.375,0.158,0.288,0.091,-0.032,-0.348,-0.229,-0.415,-0.104,0.247,0.049,-0.033,0.323,0.071,0.092,-0.11,0.289,-0.211,0.17,-0.073,0.161,0.35,-0.099,-0.114,-0.007,0.263,-0.125,0.247,-0.152,0.54
-0.096,0.464,-0.58,-0.003,-0.032,0.2,-0.583,-0.148,0.107,0.274,-0.038,-0.059,0.102,-0.196,0.212,-0.243,0.032,-0.271,0.021,0.017,0.241,0.125,-0.146,-0.188,0.125,-0.011,0.13,0.159,-0.327,-0.035,-0.05,-0.021,0.281,0.119,0.494,-0.227,0.016,-0.532,0.163,0.004,-0.097,0.019,0.098,0.169,0.266,-0.013,0.098,-0.359,-0.135,0.218,0.186,0.016,-0.343,-0.205,0.109,0.213,0.126,-0.312,0.089,-0.182,-0.155,0.046,-0.137,-0.127,-0.239,0.047,0.017,-0.049,0.187,-0.106
-0.434,-0.022,-0.175,0.058,-0.095,0.239,-0.223,-0.098,-0.035,-0.28,-0.226,-0.3,-0.523,-0.16,-0.034,0.008,-0.275,-0.023,0.155,-0.134,0.094,-0.292,0.116,0.018,0.125,-0.24,-0.182,0.055,-0.044,-0.247,-0.209,0.041,0.115,0.061,0.1,-0.32,-0.058,-0.247,0.147,-0.083,-0.275,-0.293,-0.355,0.146,0.139,-0.072,-0.106,0.045,-0.069,-0.019,-0.464,-0.197,-0.604,-0.315,-0.254,0.197,-0.057,-0.127,-0.024,-0.115,-0.131,-0.018,0.034,-0.403,-0.267,-0.589,0.18,-0.437,-0.128,-0.134
0.089,-0.078,0.139,-0.081,0.063,0.122,-0.068,-0.071,0.063,0.035,-0.181,0.091,-0.15,-0.113,0.042,-0.056,-0.048,-0.043,-0.144,-0.054,-0.026,-0.228,0.448,-0.005,0.234,-0.137,-0.062,0.114,0.097,-0.263,-0.274,0.011,0.057,0.113,0.072,-0.208,-0.148,-0.34,0.057,0.05,-0.113,-0.143,0.067,0.067,0.096,-0.079,-0.126,0.13,0.035,0.071,0.04,-0.128,-0.18,-0.145,0.037,0.196,0.021,-0.137,-0.05,-0.101,0.047,0.067,0.196,-0.104,-0.212,-0.163,0.003,-0.177,-0.097,-0.327
0.328,-0.22,-0.525,-0.126,0.335,-0.644,0.152,0.344,-0.524,0.104,0.033,0.541,0.193,0.022,0.48,-0.446,0.655,-0.192,0.051,0.394,-0.341,0.033,-1.077,0.116,-0.177,-0.34,0.013,-0.311,0.046,0.338,0.135,0.342,0.191,-0.02,-0.577,0.103,-0.207,-0.626,-0.205,0.294,0.109,0.325,0.603,-0.03,-0.083,-0.024,0.086,-0.072,0.061,-0.44,0.237,0.534,0.434,0.02,0.297,0.09,0.202,-0.36,0.427,-0.143,-0.056,0.187,0.326,0.198,-0.024,0.305,0.057,0.411,-0.174,-0.057
-0.406,-0.047,-0.197,0.085,-0.147,0.028,-0.283,-0.282,-0.018,0.19,0.329,0.046,0.126,-0.317,0.1,-0.097,0.08,-0.141,0.008,0.062,-0.179,-0.074,-0.843,-0.112,0.101,-0.248,-0.121,-0.22,-0.093,0.097,0.205,0.078,-0.083,0.127,-0.519,-0.258,0.288,-0.643,-0.139,0.027,-0.186,-0.087,0.16,0.063,-0.082,-0.104,-0.144,-0.008,0.264,0.119,0.178,0.117,-0.188,-0.152,0.176,0.042,0.134,0.014,0.253,0.055,0.133,-0.07,-0.001,0.011,-0.314,-0.176,-0.151,0.004,0.271,0.022
0.254,-0.052,-0.545,0.156,-0.205,0.386,-0.353,0.024,-0.158,-0.199,-0.219,-0.219,-0.327,-0.126,-0.105,0.21,-0.272,0.131,0.122,-0.197,0.222,-0.266,0.71,0.118,-0.035,-0.134,-0.11,0.052,-0.184,-0.216,-0.171,-0.022,-0.17,0.267,0.012,-0.357,-0.156,0.544,0.087,-0.304,-0.298,-0.275,-0.111,-0.014,0.257,-0.164,0.004,-0.495,-0.014,-0.166,-0.338,-0.051,-0.667,-0.13,-0.091,0.109,-0.027,-0.112,-0.056,-0.075,-0.207,-0.065,0.133,-0.303,-0.288,-0.415,-0.228,-0.483,-0.26,-0.22
-0.227,0.021,0.051,0.192,-0.247,0.311,-0.332,-0.05,0.153,-0.047,-0.107,-0.086,-0.057,0.073,-0.002,0.135,-0.071,-0.069,0.112,-0.098,0.077,-0.256,-0.078,0.115,0.156,-0.192,-0.144,-0.116,-0.072,0.335,0.045,-0.025,0.22,-0.132,0.027,-0.083,-0.079,-0.429,-0.051,-0.091,-0.214,-0.091,-0.235,0.192,0.018,-0.187,-0.149,-0.336,0.185,0.164,-0.22,-0.227,-0.762,0.385,-0.195,-0.177,0.098,0.094,-0.13,0.092,-0.097,0.121,-0.187,-0.2,-0.127,-0.277,0.036,-0.095,0.123,-0.211
-0.188,0.249,-0.398,0.142,-0.188,0.124,-0.205,-0.196,0.061,-0.005,-0.084,-0.252,-0.228,-0.018,-0.16,0.015,-0.158,0.194,-0.113,-0.108,0.213,-0.205,-0.426,-0.049,-0.167,0.288,-0.229,-0.023,0.004,-0.031,0.098,-0.055,-0.407,0.235,0.287,-0.144,-0.089,-0.162,0.234,-0.234,-0.259,-0.066,-0.055,-0.117,-0.032,-0.169,0.012,0.053,-0.072,0.089,-0.179,-0.001,-0.443,-0.153,-0.041,0.047,-0.105,-0.31,-0.178,-0.201,-0.202,-0.185,0.241,-0.165,-0.223,-0.1,-0.109,-0.132,-0.326,-0.243
0.007,-0.134,-0.651,-0.014,-0.123,-0.024,-0.399,0.031,0.014,-0.102,-0.219,-0.112,-0.106,-0.008,-0.213,-0.071,-0.148,-0.111,0.07,-0.093,-0.248,-0.254,-0.067,-0.014,0.092,0.075,-0.142,-0.004,-0.048,-0.18,-0.083,0.023,0.164,0.005,-0.133,-0.181,-0.178,-0.525,0.198,0.01,0.047,-0.069,-0.096,-0.041,-0.033,-0.138,-0.091,-0.39,-0.164,0.067,-0.437,-0.152,-0.659,-0.307,-0.206,0.115,-0.118,-0.338,-0.159,-0.22,-0.176,-0.257,-0.215,-0.129,-0.169,-0.351,0.272,-0.245,0.193,-0.264
-0.723,-0.099,-0.078,-0.059,0.046,-0.038,0.546,0.092,-0.289,0.042,-0.092,0.158,0.132,0.335,0.131,-0.253,0.107,-0.085,-0.12,0.073,-0.241,-0.141,-0.994,0.33,0.294,-0.136,0.002,-0.243,0.268,0.1,-0.003,0.171,0.081,0.104,-0.147,-0.003,0.454,-0.473,-0.044,0.13,-0.008,0.249,0.278,0.051,-0.082,0.123,-0.072,0.108,0.072,-0.197,0.024,-0.023,0.288,-0.235,0.005,-0.19,0.062,-0.198,0.006,-0.102,0.161,0.144,0.255,0.12,0.036,0.111,0.142,-0.103,-0.178,-0.069
-0.047,0.034,0.18,0.115,-0.129,0.115,-0.053,-0.136,0.224,-0.189,-0.312,-0.174,-0.298,-0.142,-0.09,0.177,-0.237,-0.039,-0.137,-0.064,-0.109,-0.127,-0.401,-0.074,0.032,-0.221,-0.079,0.092,-0.111,-0.163,-0.194,-0.048,-0.241,-0.137,0.136,-0.155,-0.226,-0.075,-0.076,0.034,-0.039,0.181,-0.271,0.018,-0.073,-0.034,-0.015,0.155,0.14,0.221,-0.131,-0.152,-0.056,0.061,-0.077,0.173,-0.128,0.125,-0.204,0.113,-0.15,0.124,-0.111,0.126,-0.058,-0.411,-0.025,-0.323,-0.123,-0.259
-0.133,-0.013,-0.283,0.009,0.496,-0.401,-0.088,-0.538,-0.233,0.151,-0.784,-0.01,0.133,-0.062,0.376,-0.81,0.186,-0.322,-0.111,-0.199,-0.53,-0.093,-1.158,0.328,-0.244,-0.072,0.11,-0.188,-0.195,0.12,0.197,0.508,-0.053,0.033,-0.653,0.139,-0.53,-0.871,-0.336,0.161,-0.143,-0.317,0.648,0.251,0.036,-0.066,-0.1,0.255,0.055,-0.391,-0.046,-0.042,0.067,0.047,0.239,-0.362,0.222,-0.497,-0.088,-0.26,-0.036,0.125,0.436,0.188,-0.284,-0.078,0.523,-0.171,-0.739,0.015
-0.226,-0.083,-0.49,-0.238,-0.191,-0.36,-0.342,-1.12,0.074,-0.274,-0.508,-0.403,-0.167,-0.273,-0.059,-0.216,-0.186,-0.003,0.099,-0.042,-0.244,-0.353,-0.84,-0.158,0.355,0.264,-0.127,0.023,-0.077,0.017,-0.263,-0.033,-0.009,0.015,-0.626,-0.413,-0.36,-0.551,-0.183,-0.131,-0.269,-0.323,-0.34,0.228,0.54,-0.246,0.107,-0.87,-0.163,0.136,-0.495,-0.218,-0.92,-0.195,-0.367,0.114,-0.257,-0.35,0.037,-0.122,-0.199,-0.17,0.139,-0.19,-0.158,-0.475,0.022,-0.524,0.256,-0.094
0.019,-0.144,-0.19,-0.085,-0.119,-0.052,-0.544,-0.502,-0.079,0.042,-0.475,-0.032,0.204,0.014,-0.068,0.705,-0.112,-0.096,0.019,-0.013,0.049,-0.162,-0.405,-0.065,-0.014,0.145,-0.095,0.355,-0.336,-0.009,-0.011,0.089,-0.044,0.097,-0.203,-0.147,-0.442,-0.741,0.249,-0.044,-0.017,-0.252,-0.129,-0.088,-0.14,-0.008,0.099,-0.58,-0.188,-0.045,-0.257,0.114,-0.577,-0.406,0.007,0.239,-0.053,-0.52,-0.078,-0.3,0.007,-0.127,0.353,0.076,-0.213,-0.193,-0.041,-0.237,0.135,-0.196
0.336,0.242,-0.103,-0.036,-0.033,-0.11,0.224,0.205,0.102,-0.17,0.296,0.123,0.021,0.134,0.164,-0.288,0.166,-0.222,0.053,0.199,-0.082,0.045,-0.831,0.012,0.202,-0.125,-0.004,-0.231,0.404,0.206,0.14,-0.098,0.12,0.211,-0.149,-0.067,-0.027,-0.595,-0.191,0.034,0.239,0.422,0.191,0.124,-0.023,0.06,-0.141,-0.063,0.14,0.068,-0.22,0.09,-0.263,-0.147,0.037,-0.056,0.042,0.883,-0.001,0.843,0.276,0.104,-0.381,0.052,0,0.042,-0.059,0.102,0.102,0.096
0.139,0.401,-0.675,-0.289,-0.182,-0.12,-0.549,-0.07,-0.207,-0.06,-0.273,0.008,0.003,-0.113,0.092,-0.391,-0.116,0.255,0.047,-0.056,-0.011,-0.092,-0.351,-0.125,0.456,0.167,-0.018,0.23,-0.309,-0.074,-0.344,-0.193,0.059,0.1,0.115,-0.137,-0.278,-0.706,-0.166,-0.149,-0.15,0.153,-0.096,-0.037,-0.016,-0.012,0.118,-0.546,-0.106,-0.131,-0.156,-0.143,-0.49,-0.293,-0.177,0.685,-0.182,-0.423,-0.068,-0.296,-0.084,-0.159,0.006,0.189,-0.264,-0.184,0.057,-0.331,0.244,0.073
0.099,0.018,-0.205,-0.297,-0.149,-0.237,0.871,-0.297,-0.014,-0.077,0.175,-0.208,-0.067,-0.026,0,-0.249,0.009,-0.129,-0.413,-0.008,-0.07,-0.125,-0.74,-0.043,0.035,-0.17,0.053,-0.202,0.08,-0.041,-0.372,0.306,-0.372,0.168,-0.217,0.07,0.186,-0.531,-0.026,-0.084,-0.162,0.128,-0.339,0.067,0.138,0.198,-0.35,0.42,0.15,-0.188,0.283,-0.112,-0.341,-0.274,-0.173,-0.126,-0.163,-0.202,-0.009,-0.107,-0.323,0.053,-0.229,-0.049,0.277,-0.335,0.071,-0.112,-0.447,0.241
-0.739,-0.115,-0.073,-0.147,0.187,-0.098,-0.258,-0.258,0.097,0.238,-0.003,0.276,0.358,0.082,-0.055,-0.376,0.342,-0.096,0.206,0.144,0.081,0.125,-0.727,-0.029,-0.01,-0.238,-0.002,-0.082,-0.1,0.239,0.038,0.293,-0.348,-0.073,-0.218,-0.37,-0.27,-0.764,0.124,-0.08,0.058,0.079,0.417,0.061,0.196,-0.039,0.035,-0.432,0.183,0.131,0.166,0.103,0.162,-0.324,-0.001,0.101,-0.039,-0.117,-0.126,-0.055,-0.007,-0.236,-0.002,0.255,-0.121,-0.006,-0.181,0.299,0.113,-0.062
-0.043,-0.185,-0.178,0.176,-0.061,-0.016,-0.304,0.071,-0.05,0.004,0.226,0.061,0.059,-0.018,-0.145,0.028,0.03,-0.098,0.088,0.038,-0.109,-0.133,-0.005,0.025,0.005,-0.049,-0.027,-0.053,0.057,0.109,0.116,0.061,0.047,-0.12,-0.326,0.158,-0.148,-0.401,-0.095,0.173,-0.06,-0.25,-0.006,-0.099,-0.068,-0.02,-0.046,-0.114,0.123,-0.007,0,-0.083,-0.309,0.14,-0.102,0.039,-0.002,0.439,0.12,0.352,-0.099,0.031,0.049,-0.054,-0.178,-0.43,0.105,-0.214,0.079,-0.303
0.092,0.052,0.887,0.466,-0.086,0.12,-0.615,0.041,0.057,-0.087,0.26,-0.304,-0.325,-0.238,0.083,0.061,0.169,-0.126,0.061,-0.036,0.424,-0.152,-0.071,0.33,-0.05,0.169,-0.356,-0.211,0.133,0.054,-0.258,0.324,-0.064,0.058,-0.166,-0.09,0.347,0.448,0.181,-0.174,-0.36,-0.219,-0.154,0.177,0.042,-0.52,-0.039,-0.077,0.202,0.043,-0.262,-0.366,-0.796,-0.458,-0.25,0.026,0.06,0.502,-0.011,0.478,-0.324,-0.142,0.12,0.005,0.047,-0.32,-0.126,0.027,-0.306,-0.255
-0.286,-0.002,-0.496,-0.049,-0.096,0.018,-0.211,-0.182,0.087,-0.168,-0.098,-0.366,-0.381,-0.154,-0.239,-0.258,-0.365,0.102,0.086,-0.226,0.095,-0.266,0.438,-0.113,0.025,-0.399,-0.137,0.092,-0.359,-0.314,-0.15,-0.23,-0.024,0.023,-0.015,-0.272,-0.317,0.541,0.11,-0.013,-0.091,-0.173,-0.29,0.004,0.107,-0.006,-0.083,-0.16,-0.09,0.166,-0.493,-0.159,-0.697,-0.223,-0.208,0.232,-0.028,-0.487,-0.031,-0.361,-0.198,-0.06,-0.09,-0.49,-0.258,-0.634,0.15,-0.502,-0.114,-0.285
-0.331,0.201,0.542,0.07,-0.201,0.081,-0.449,-0.036,0.108,-0.054,-0.239,-0.229,-0.045,-0.135,-0.109,0.184,-0.087,0.061,0.165,-0.059,0.006,-0.165,0.377,-0.029,-0.064,-0.244,-0.167,0.132,-0.101,-0.285,-0.113,-0.063,-0.085,0.09,0.135,-0.276,-0.141,-0.091,0.254,-0.147,-0.16,-0.172,-0.127,0.068,0.159,-0.088,0.028,-0.364,0.06,0.143,-0.233,-0.127,-0.412,-0.006,-0.193,0.135,-0.073,-0.236,0.05,-0.143,-0.234,-0.104,-0.175,-0.115,-0.162,-0.364,-0.042,-0.383,-0.177,-0.176
-0.169,0.145,-0.414,0.089,-0.102,0.283,-0.22,0.068,0.103,0.05,0.011,-0.14,-0.153,-0.131,-0.147,0.075,-0.105,-0.069,0.148,-0.023,0.424,-0.162,0.284,-0.04,-0.099,-0.097,-0.314,0.084,-0.196,-0.256,-0.013,0.008,-0.065,0.068,0.23,-0.206,-0.124,0.354,0.323,-0.033,-0.06,-0.078,-0.025,0.073,0.021,-0.007,0.021,-0.083,-0.068,0.136,-0.294,-0.111,-0.325,0.045,-0.076,0.166,0.022,-0.322,0.082,-0.224,-0.126,0.001,0.1,-0.098,-0.178,-0.301,-0.033,-0.253,-0.176,-0.24
-0.392,0.044,-0.622,0.208,-0.075,0.017,-0.39,-0.016,0.023,-0.193,-0.268,-0.011,-0.117,-0.29,-0.249,-0.045,-0.007,0.108,0.083,-0.002,-0.156,-0.213,0.041,-0.041,0.088,-0.006,-0.223,0.218,-0.219,-0.028,-0.22,0.059,-0.093,-0.046,0.065,-0.229,-0.27,-0.08,0.214,-0.109,-0.117,-0.022,-0.088,0.054,0.019,-0.139,-0.159,-0.499,-0.216,0.049,-0.352,-0.097,-0.831,-0.442,-0.349,0.37,-0.146,-0.174,-0.226,-0.178,-0.312,-0.332,0.064,-0.174,-0.14,-0.372,-0.181,-0.248,0.064,-0.095
0.415,0.066,-0.184,0.137,-0.035,-0.147,0.266,-0.075,-0.236,0.198,0.014,0.041,0.1,-0.191,0.026,-0.05,0.042,0.043,0.124,-0.007,0.139,-0.086,-0.862,0.239,-0.061,0.369,0.297,-0.198,-0.069,0.038,0.132,0.219,0.105,0.282,0.425,0.215,0.5,-0.633,-0.038,0.089,-0.179,-0.056,0.199,0.058,0.142,0.037,-0.002,0.166,0.014,-0.18,0.125,0.053,-0.17,-0.234,0.32,0.471,-0.065,0.181,-0.192,0.178,0.251,0.054,0.135,0.364,0.094,0.194,-0.174,0.426,-0.088,-0.092
-0.676,-0.066,-0.722,-0.13,-0.131,-0.078,-0.551,-0.199,0.05,0.256,-0.405,0.133,0.252,-0.217,-0.288,0.124,0.215,-0.08,0.186,0.117,-0.307,-0.058,-0.443,-0.257,-0.097,0.146,0.061,0.272,-0.294,0.068,-0.108,0.091,-0.12,-0.045,-0.065,-0.308,-0.293,-0.659,-0.041,-0.045,-0.228,-0.174,-0.003,-0.02,0.147,0.062,0.122,-0.49,-0.221,0.041,-0.02,0.005,-0.484,0.013,0.039,0.155,-0.02,-0.426,-0.027,-0.3,-0.2,-0.114,-0.021,0.174,-0.138,-0.092,0.209,-0.15,-0.263,-0.302
-0.46,0.304,-0.569,0.048,-0.064,0.312,-0.121,0.106,0.172,-0.129,0.049,-0.072,-0.122,-0.053,-0.199,0.13,-0.067,0.055,0.151,-0.049,0.013,-0.229,0.305,0.048,-0.012,-0.02,-0.05,0.067,-0.047,-0.053,-0.071,0.066,-0.009,-0.027,0.041,-0.203,-0.053,0.372,0.218,-0.138,-0.036,0.01,-0.108,0.064,0.144,-0.208,-0.083,0.118,0.102,0.154,-0.352,-0.047,-0.449,0.193,-0.002,0.066,-0.185,-0.36,-0.052,-0.296,-0.359,0.023,-0.063,-0.061,-0.174,-0.401,-0.115,0.026,0.042,-0.335
-0.524,0.146,-0.669,0.058,-0.109,0.233,-0.508,-0.139,0.209,-0.123,-0.133,-0.112,-0.196,-0.078,-0.113,-0.052,-0.125,0.005,-0.135,-0.086,0.015,-0.192,0.745,-0.057,-0.01,-0.078,-0.146,0.121,-0.132,-0.083,-0.216,0.104,-0.111,-0.001,-0.118,-0.221,-0.302,0.634,0.155,-0.15,-0.193,-0.031,-0.173,-0.044,0.059,0.011,-0.201,-0.241,-0.092,0.187,-0.369,-0.141,-0.612,-0.043,-0.123,0.159,-0.199,-0.318,-0.034,-0.2,0.128,0.008,0.093,-0.178,-0.136,-0.414,-0.155,-0.297,-0.528,-0.451
-0.076,-0.214,-0.15,0.008,0.046,-0.11,0.014,-0.014,-0.016,0.064,-0.255,0.162,0.147,-0.1,0.346,-0.303,0.294,0.026,-0.248,0.207,-0.238,0.072,-0.124,0.054,-0.193,-0.107,-0.374,-0.296,-0.052,0.162,0.594,0.299,0.009,-0.072,-0.369,0.006,0.12,0.372,-0.019,0.127,0.513,0.164,0.205,0.02,0.111,0.386,-0.02,0.215,0.07,0.001,0.083,-0.062,0.389,-0.146,0.186,-0.117,0.038,-0.145,0.077,-0.056,0.342,0.004,0.081,0.168,0.403,0.309,-0.36,0.196,-0.116,-0.14
0.475,0.126,-0.583,-0.136,0.023,-0.24,0.397,0.071,0.045,0.051,-0.314,0.037,0.043,0.038,0.105,-0.236,-0.046,-0.112,-0.15,0.024,-0.181,0.051,-0.289,-0.055,-0.186,-0.212,-0.336,-0.043,0.17,-0.158,0.181,-0.006,-0.167,0.001,-0.035,-0.186,0.495,-0.918,-0.044,-0.049,0.103,0.17,0.116,-0.116,-0.049,0.112,-0.009,-0.067,-0.073,0.089,0.327,-0.018,-0.488,-0.061,0.056,0.027,0.047,0.156,0.492,0.149,0.105,-0.353,0.15,0.293,0.004,0.246,-0.111,-0.105,-0.594,-0.054
0.615,-0.366,0.176,0.038,0.139,-0.519,0.502,0.333,-0.307,-0.004,-0.074,0.134,0.091,-0.245,0.247,-0.327,0.133,-0.089,-0.112,0.142,-0.313,0.192,-1.04,0.062,0.194,0.186,0.126,-0.402,0.24,0.051,0.099,0.272,0.122,-0.164,-0.437,0.058,0.202,-0.691,-0.198,-0.013,0.098,0.005,0.272,0.293,-0.1,0.127,0.493,0.158,0.304,-0.304,0.472,-0.001,0.687,0.031,0.107,-0.29,0.14,-0.27,0.033,-0.213,0.578,0.146,-0.339,0.174,0.143,0.467,0.29,0.037,0.21,0.302
0.333,-0.161,-0.172,-0.139,0.046,-0.436,-0.047,0.009,-0.189,0.26,0.598,-0.041,0.188,0.003,0.161,-0.283,0.056,0.408,-0.177,0.057,-0.015,0.044,-0.24,-0.049,-0.046,-0.029,0.231,-0.181,-0.168,0.264,0.113,0.148,-0.076,0.07,-0.162,0.26,-0.44,0.139,-0.183,-0.096,0.191,0.041,0.337,-0.118,-0.145,0.377,-0.096,0.061,-0.068,-0.152,0.184,0.298,0.182,-0.288,0.237,0.025,0.036,-0.527,-0.135,-0.355,0.607,-0.185,-0.124,0.082,0.334,0.113,-0.02,0.7,-0.178,0.777
0.335,0.34,-0.314,-0.278,-0.07,-0.209,0.016,-0.345,-0.258,0.114,-0.031,0.177,0.165,-0.372,0.112,-0.506,0.213,-0.248,-0.082,0.156,-0.088,0.144,-0.006,-0.005,0.127,-0.021,-0.122,-0.018,-0.328,0.451,0.093,-0.18,0.079,-0.093,-0.342,0.052,0.484,-0.818,-0.128,-0.193,0.196,0.39,0.01,0.105,-0.082,0.27,0.111,-0.719,-0.178,-0.226,0.273,-0.085,-0.737,-0.597,-0.129,-0.091,-0.096,-0.41,-0.107,-0.304,-0.662,-0.251,-0.04,0.058,0.074,0.309,-0.227,0.186,0.104,0.214
-0.278,-0.007,-0.601,0.007,-0.062,0.045,-0.373,-0.093,0.132,0.052,-0.104,-0.198,-0.217,-0.176,-0.147,0.085,-0.149,-0.008,-0.04,-0.067,-0.003,-0.159,-0.059,-0.107,0.116,-0.024,-0.109,0.086,-0.259,-0.091,-0.083,-0.163,0.282,-0.053,-0.07,-0.094,-0.331,0.487,0.167,0.066,-0.076,-0.202,-0.137,-0.037,0.073,0.079,-0.098,-0.063,-0.077,0.169,-0.354,-0.05,-0.18,-0.12,-0.132,0.18,-0.043,-0.367,0.005,-0.283,-0.03,-0.042,-0.1,-0.319,-0.19,-0.448,0.116,-0.312,-0.234,-0.319
-0.945,-0.033,-0.708,-0.296,-0.005,-0.597,-0.426,-0.052,0.239,0.409,0.242,0.23,0.306,-0.45,-0.307,-0.768,0.276,-0.039,0.274,0.269,-0.221,-0.025,-0.487,-0.355,-0.17,-0.459,-0.104,-0.109,-0.431,0.378,0.255,0.14,0.439,0.104,-0.395,-0.064,-0.331,-0.442,0.027,0.266,0.034,-0.301,0.079,-0.263,0.008,0.149,-0.077,0.16,-0.366,0.253,-0.096,0.197,0.206,-0.24,0.222,-0.009,-0.177,-0.616,0.16,-0.535,0.433,-0.659,-0.348,0.181,-0.087,0.023,0.237,0.064,0.026,-0.299
-0.412,-0.173,-0.326,-0.111,-0.027,0.173,-0.43,-0.207,0.148,-0.279,-0.248,-0.343,-0.285,-0.039,-0.281,0.053,-0.193,-0.027,-0.015,-0.105,-0.121,-0.132,0.442,-0.102,0.288,-0.016,0.028,0.026,-0.013,-0.151,-0.304,-0.065,-0.119,-0.143,-0.013,-0.045,-0.444,0.423,-0.103,-0.179,-0.148,-0.15,-0.101,-0.056,-0.022,0.057,-0.157,-0.139,0.239,0.127,-0.42,-0.225,-0.494,-0.062,-0.221,-0.073,-0.113,-0.035,-0.177,0.025,-0.274,0.109,-0.043,-0.37,-0.211,-0.411,0.003,-0.301,-0.117,-0.27
0.225,0.061,-0.163,0.075,-0.061,0.32,-0.307,-0.338,0.263,0.043,-0.075,-0.113,0.453,0.022,-0.135,0.008,-0.219,0.244,0.077,-0.101,0.077,0.242,-0.73,-0.067,0.178,-0.381,0.249,0.088,0.084,0.085,-0.261,0.183,-0.064,-0.059,-0.075,0.192,-0.379,-0.638,0.01,0.11,-0.154,0.495,0.005,-0.12,-0.012,0.159,-0.079,-0.461,-0.139,0.267,0.374,0.201,-0.129,0.098,0.022,-0.123,-0.038,-0.469,-0.042,-0.391,-0.094,-0.122,0.016,0.267,0.158,0.003,0.035,0.22,0.446,-0.28
-0.179,0.054,-0.496,0.276,0.244,-0.454,-0.169,-0.262,0.235,-0.094,-0.366,-0.201,-0.096,0.084,0.256,-0.279,0.118,-0.121,-0.227,0.111,-0.117,0.014,0.089,0.074,-0.449,0.024,-0.393,-0.315,0.224,0.333,-0.196,0.32,0.097,-0.053,-0.229,-0.126,-0.3,-0.046,-0.123,-0.024,0.078,0.128,0.168,0.157,0.266,-0.264,-0.105,0.449,-0.295,0.275,-0.161,-0.221,-0.24,0.162,-0.087,-0.071,-0.222,1.103,0.058,1.104,0.12,0.168,0.18,-0.251,0.334,-0.13,-0.255,0.089,-0.897,-0.216
0.313,-0.288,-0.134,-0.213,0.214,-0.703,-0.434,0.449,-0.112,0.443,-0.305,0.217,0.248,0.27,0.184,-0.618,0.206,0.025,-0.18,0.165,-0.451,0.082,-1.301,0.072,-0.192,0.333,0.359,-0.401,-0.142,0.256,0.44,0.378,0.228,0.327,-0.508,0.207,-0.047,-0.376,-0.569,0.019,0.197,-0.22,0.05,-0.136,-0.07,0.286,0.029,-0.227,0.13,-0.091,0.627,0.379,0.381,-0.361,0.395,-0.054,0.365,-0.299,0.212,-0.269,0.623,-0.093,-0.522,0.218,0.253,0.411,0.133,0.395,0.099,-0.221
0.18,-0.007,-0.476,0.328,-0.136,0.187,-0.209,-0.157,-0.099,-0.383,0.025,-0.338,-0.422,-0.081,-0.426,0.515,-0.402,-0.131,-0.11,-0.564,0.273,-0.034,-0.483,-0.181,-0.073,-0.272,0.035,0.023,-0.328,-0.219,-0.338,-0.018,0.149,0.045,-0.287,-0.115,-0.111,0.018,0.327,-0.043,0.014,-0.051,-0.314,-0.017,0.17,0.18,-0.154,-0.446,-0.038,-0.104,-0.191,-0.147,-0.463,0.52,-0.052,0.272,-0.401,-0.523,-0.111,-0.425,-2,-0.095,-0.112,-0.358,-0.147,-0.368,-0.075,-0.29,0.064,0.194
-0.894,-0.159,-0.503,-0.139,0.21,-0.518,0.386,0.386,-0.209,0.157,0.591,0.052,-0.054,0.211,0.208,-0.282,0.055,-0.063,-0.156,0.084,-0.301,0.294,-0.387,0.135,0.04,0.045,0.153,-0.123,0.07,-0.15,0.483,-0.047,0.051,0.054,-0.333,0.04,0.492,-0.777,-0.401,0.079,0.018,-0.091,0.25,-0.149,-0.198,0.049,-0.162,0.415,0.315,-0.237,0.194,0.194,0.563,-0.256,0.485,0.065,0.152,-0.215,-0.121,-0.21,0.001,-0.037,0.179,0.021,-0.053,0.533,0.043,0.237,-0.005,0.104
-0.23,-0.03,-0.659,0.167,-0.186,0.168,-0.31,-0.183,-0.067,-0.245,-0.365,-0.191,-0.297,0.06,-0.218,0.164,-0.192,0.027,-0.011,-0.126,0.187,-0.165,0.192,-0.023,0.085,0.166,0.01,0.059,-0.244,-0.164,-0.098,-0.18,0.22,-0.049,-0.224,-0.019,0.04,-0.188,-0.076,-0.05,-0.011,-0.226,-0.301,-0.05,0.07,-0.042,-0.155,-0.263,-0.177,-0.067,-0.405,-0.206,-0.408,-0.292,-0.216,0.166,-0.039,-0.3,-0.039,-0.289,-0.016,0.246,-0.208,-0.417,-0.222,-0.469,-0.016,-0.446,-0.23,-0.343
-0.012,0.238,-0.026,0.068,0.109,-0.039,0.111,0.107,-0.041,-0.285,0.215,-0.025,0.006,-0.045,0.072,0.044,0.183,0.09,-0.29,0.126,0.084,-0.035,-0.565,-0.059,0.27,-0.377,-0.015,-0.238,0.486,0.047,0.058,-0.018,-0.043,0.118,-0.064,0.126,0.69,-0.72,0.131,0.066,-0.001,0.11,0.152,0.174,-0.034,0.017,-0.095,0.969,0.277,-0.026,-0.044,-0.227,-0.222,-0.348,0.038,-0.246,0.113,-0.009,0.026,-0.006,-0.499,0.187,-0.22,0.043,0.054,0.284,0.162,-0.261,0.287,-0.027
0.052,0.042,-0.278,0.079,0.058,0.009,-0.134,-0.172,0.149,0.108,0.234,-0.129,0.179,-0.074,0.02,-0.402,-0.161,-0.126,-0.062,-0.044,-0.228,0.011,-0.676,0.033,0.111,0.215,0.123,0.15,0.165,-0.101,0.049,-0.113,0.201,-0.015,-0.091,-0.009,-0.374,-0.847,-0.057,0.084,0.321,0.107,0.053,0.035,-0.163,0.024,0.136,0.723,0.006,0.153,0.034,-0.037,0.105,-0.195,0.109,-0.073,0.081,0.46,-0.027,0.427,-0.205,-0.058,0.401,0.175,0.083,0.045,0.289,0.329,0.042,-0.296
-0.539,0.192,-0.165,-0.086,0.133,-0.092,0.04,-0.149,0.187,0.105,-0.289,0.035,0.074,0.433,0.196,-0.432,-0.059,-0.096,-0.142,-0.026,-0.245,0.092,-1.098,0.159,0.252,-0.269,0.116,0.027,0.196,0.037,0.181,-0.049,-0.418,-0.04,-0.232,-0.018,-0.354,-0.611,-0.05,-0.049,0.229,0.174,0.087,0.075,-0.043,0.347,0.055,-0.165,-0.104,0.151,0.242,-0.172,-0.22,0.19,0.083,-0.03,0.049,-0.531,0.003,-0.424,0.074,0.029,0.013,-0.261,0.28,0.16,0.131,0.175,-0.093,-0.096
-0.12,-0.06,-0.312,0.229,-0.057,0.423,-0.287,0.041,-0.09,-0.212,0.107,-0.295,-0.315,-0.041,-0.054,-0.068,-0.335,0.119,0.018,-0.113,0.081,-0.172,0.345,0.175,0.291,-0.205,-0.009,0.046,-0.147,-0.346,-0.265,-0.235,0.019,0.002,0.222,-0.33,-0.033,-0.268,0.027,-0.145,-0.217,-0.155,-0.214,0.124,0.157,-0.108,0.051,-0.176,0.134,0.016,-0.418,-0.141,-0.473,0.229,-0.104,0.204,0.241,-0.189,-0.02,-0.128,-0.201,0.011,-0.039,-0.391,-0.117,-0.56,0.124,-0.463,-0.038,-0.189
-0.261,0.015,0.295,0.015,-0.152,0.07,-0.339,0.036,-0.086,-0.13,-0.103,-0.096,-0.282,-0.185,-0.219,0.074,-0.11,0.039,0.026,-0.035,-0.143,-0.201,-0.017,0.037,0.026,-0.086,-0.081,0.109,-0.057,-0.164,-0.062,-0.059,-0.155,0.005,0.169,-0.15,-0.233,0.324,-0.1,-0.062,-0.116,-0.11,-0.163,0.028,0.068,0.102,-0.03,-0.081,-0.092,-0.065,-0.274,-0.053,-0.546,0.145,-0.156,0.12,-0.037,-0.4,-0.082,-0.269,-0.096,0.058,-0.018,-0.297,-0.175,-0.359,0.142,-0.356,-0.185,-0.232
0.044,-0.167,0.17,-0.261,0.189,-0.606,0.394,-0.045,-0.162,0.183,-0.031,0.381,0.226,-0.038,0.103,-0.33,0.42,0.029,-0.282,0.305,-0.344,-0.061,-1.044,0.137,-0.184,-0.142,0.244,-0.227,0.022,0.295,0.338,0.118,-0.034,0.187,-0.364,0.281,-0.262,-0.466,-0.262,0.28,0.221,0.151,0.308,0.302,-0.013,0.456,-0.017,0.002,0.027,-0.155,0.22,0.278,0.539,-0.262,0.017,-0.233,0.066,0.066,0.179,-0.014,0.379,0.029,0.033,0.333,0.303,0.058,0.406,0.266,-0.129,-0.219
-0.463,-0.173,-0.579,0.227,-0.051,0.067,-0.17,0.017,-0.038,0.161,0.085,-0.191,-0.012,-0.057,-0.111,0.44,-0.155,-0.228,0.114,-0.035,-0.011,-0.097,-0.09,-0.123,0.154,0.026,0.167,0.08,-0.014,-0.223,0.104,-0.138,0.235,0.131,-0.424,-0.242,-0.118,-0.392,0.178,0.013,0.177,-0.071,-0.01,0.053,0.169,0.106,0.089,0.264,0.029,-0.018,-0.2,0.066,-0.105,-0.14,0.047,0.084,0.005,0.518,0.088,0.469,-0.017,-0.086,-0.05,-0.03,-0.14,-0.422,0.317,-0.298,-0.022,-0.288
0.096,-0.064,-0.23,-0.082,0.149,-0.331,-0.062,-0.108,-0.242,0.137,0.082,0.191,0.197,0.112,0.197,-0.457,0.245,-0.066,-0.163,0.153,-0.443,0.2,-0.933,0.316,0.067,0.06,0.24,-0.344,-0.059,0.132,0.296,0.224,-0.26,0.033,-0.37,0.19,0.013,-0.712,0.052,-0.099,-0.139,0.051,0.377,0.213,-0.03,0.064,0.13,-0.208,0.298,-0.133,0.202,0.368,0.47,-0.1,0.365,-0.054,0.286,-0.451,0.091,-0.28,0.273,0.255,-0.116,0.248,-0.064,0.416,0.127,-0.067,-0.225,-0.047
-0.029,0.065,-0.243,-0.052,-0.016,0.373,-0.235,-0.045,0.005,-0.105,-0.234,-0.253,-0.174,-0.046,-0.077,-0.084,-0.195,-0.133,-0.255,-0.091,0.066,-0.093,-0.265,0.053,0.302,0.027,0.043,-0.127,-0.172,-0.146,-0.128,-0.14,0.084,0.017,0.077,-0.196,-0.034,-0.092,0.009,-0.07,-0.219,-0.067,-0.114,0.121,0.076,-0.026,0.101,-0.123,0.154,0.059,-0.283,-0.06,-0.196,-0.051,0.048,-0.018,0.053,-0.226,-0.092,-0.14,-0.061,0.141,-0.075,-0.115,-0.077,-0.33,0.252,-0.393,-0.37,-0.115
-0.168,-0.028,-0.686,0.018,0.012,0.142,-0.215,-0.078,0.008,0.144,-0.056,-0.025,-0.023,-0.104,-0.013,-0.055,-0.041,0.279,0.335,-0.031,-0.142,-0.15,0.256,-0.054,0.07,-0.032,-0.058,0.153,-0.292,-0.158,-0.062,-0.104,0.094,0.004,0.483,-0.209,-0.256,-0.374,0.15,-0.041,-0.101,-0.151,-0.069,0.071,0.112,0.16,-0.114,-0.254,-0.145,0.113,-0.239,-0.175,-0.175,0.492,-0.022,0.349,-0.03,-0.335,0.087,-0.287,0.07,-0.126,0.064,-0.19,-0.155,-0.291,0.132,-0.281,-0.161,0.028
-0.036,0.054,-0.193,-0.066,0.098,-0.401,0.153,0.065,0.147,-0.023,-0.256,-0.029,0.145,-0.06,-0.155,-0.285,-0.077,0.159,-0.211,-0.023,-0.156,0.224,-0.76,-0.193,0.111,-0.131,0.121,-0.176,0.116,-0.051,-0.03,-0.086,-0.271,-0.052,-0.232,0.133,-0.061,-0.282,-0.106,0.026,0.067,0.26,0.017,-0.156,-0.011,0.364,-0.108,-0.012,0.121,0.182,0.346,0.181,0.188,-0.058,0.079,0.156,-0.07,0.012,0.062,-0.024,0.07,-0.076,-0.045,0.372,-0.076,0.141,0.053,0.004,-0.047,-0.254
-0.433,0.052,-0.377,0.092,0.064,0.319,-0.17,-0.064,-0.059,0.069,-0.25,0.342,-0.102,0.001,-0.209,0.298,-0.087,0.084,0.077,-0.037,0.05,0.072,0.662,-0.091,-0.065,-0.03,-0.011,0.089,-0.242,-0.26,-0.038,-0.109,0.047,0.008,-0.437,-0.076,-0.087,0.142,0.183,-0.087,-0.075,-0.109,0,0.024,-0.053,0.143,0.227,-0.342,0.054,-0.018,0.094,-0.093,-0.438,-0.25,-0.019,0.165,0.063,-0.314,0.065,-0.308,0.104,-0.07,0.083,-0.075,0.096,-0.093,0.178,-0.305,-0.032,-0.277
-0.388,-0.032,-0.523,0.127,-0.1,0.313,-0.344,-0.06,0.03,-0.167,-0.149,-0.211,-0.172,-0.104,-0.36,0.434,-0.178,0.049,0.154,-0.07,-0.047,-0.197,0.186,-0.01,-0.077,0.04,-0.07,0.195,-0.25,-0.123,-0.063,-0.182,0.278,-0.103,0.039,-0.037,-0.067,0.756,0.231,-0.024,-0.116,-0.168,-0.194,-0.115,0.052,-0.001,-0.098,-0.442,-0.092,0.097,-0.387,-0.132,-0.762,0.438,-0.132,0.135,-0.013,-0.454,-0.162,-0.393,-0.196,-0.137,-0.067,-0.297,-0.126,-0.437,0.139,-0.308,0.204,-0.269
0.081,-0.03,-0.618,-0.249,0.031,-0.47,0.474,0.28,-0.264,0.095,-0.053,0.088,0.174,0.21,0.135,-0.425,0.011,-0.219,-0.186,0.017,0.066,0.024,0.252,0.166,-0.294,0.275,-0.091,0.241,-0.213,-0.014,0.126,0.041,-0.124,-0.05,-0.184,0.109,0.601,-0.677,0.037,-0.044,0.216,0.34,-0.119,-0.129,0.133,0.264,-0.025,-0.282,-0.422,-0.189,-0.043,0.136,-0.809,-0.142,0.046,0.2,-0.157,1.095,0.082,1.144,-0.194,-0.336,0.383,0.148,-0.065,0.038,-0.158,0.216,-0.312,0.219
-0.439,0.03,-0.342,0.103,-0.147,0.446,-0.3,-0.144,0.049,-0.159,-0.322,-0.282,-0.217,-0.026,-0.252,0.385,-0.193,0.194,0.091,-0.115,0.04,-0.211,0.316,-0.071,0.104,-0.083,-0.101,-0.039,-0.097,-0.192,-0.092,-0.145,-0.144,0.006,0.265,-0.186,-0.277,0.285,-0.033,-0.192,-0.009,-0.126,-0.156,0.007,0.105,0.162,-0.049,-0.159,-0.043,0.089,-0.315,-0.048,-0.364,0.331,-0.165,-0.072,-0.067,-0.231,-0.277,-0.18,-0.086,0.102,-0.055,-0.285,-0.15,-0.273,0.162,-0.337,-0.127,-0.204
-0.109,-0.158,-0.202,0.376,-0.066,0.182,-0.142,-0.014,-0.123,-0.137,-0.117,-0.144,-0.231,-0.101,-0.105,0.235,-0.067,0.129,0.009,-0.026,0.097,-0.126,0.053,0.04,0.013,0.031,-0.055,0.013,-0.029,-0.067,-0.07,-0.11,0.035,-0.032,-0.114,0.024,-0.097,0.314,-0.044,-0.05,-0.038,-0.129,-0.063,0.035,-0.014,0.066,-0.015,-0.206,0.253,-0.024,-0.255,-0.07,-0.328,-0.006,-0.088,0.181,0.022,0.114,-0.099,0.082,-0.069,0.141,0.086,-0.322,-0.067,-0.356,0.054,-0.263,0.017,-0.141
0.149,-0.037,-0.133,0.03,-0.11,-0.31,0.522,0.221,-0.522,-0.101,0.122,0.32,-0.075,0.263,0.151,0.104,0.357,0.091,-0.205,0.231,0.088,-0.027,-0.862,0.037,-0.072,0.071,-0.104,-0.405,0.454,0.164,0.089,0.247,0.023,0.118,-0.088,0.401,0.542,-0.348,-0.232,0.132,0.204,0.246,0.096,-0.046,-0.003,0.019,0.085,0.169,-0.052,-0.406,0.266,0.089,0.005,-0.451,-0.131,-0.334,0.02,-0.243,0.213,-0.19,-0.137,0.177,-0.021,0.024,0.103,0.222,0.156,0.014,-0.131,0.991
0.037,-0.162,-0.366,0.129,-0.163,0.065,-0.16,-0.079,-0.178,-0.166,-0.149,-0.252,-0.541,0.046,-0.188,0.225,-0.216,0.059,0.15,-0.078,0.161,-0.195,0.342,-0.01,0.109,-0.06,-0.05,0.191,-0.013,-0.186,-0.141,-0.158,0.145,-0.064,-0.037,-0.023,-0.101,-0.129,0.094,-0.072,-0.045,-0.053,-0.196,0.024,0.114,-0.035,-0.103,-0.227,-0.068,-0.098,-0.376,-0.088,-0.5,-0.239,-0.25,0.125,-0.052,0.04,-0.079,0.031,-0.126,0.052,-0.059,-0.567,-0.12,-0.644,0.017,-0.441,0.095,-0.112
-0.184,-0.254,-0.345,0.33,-0.085,0.095,-0.111,-0.265,-0.286,-0.434,-0.031,-0.456,-0.669,0.267,-0.217,0.368,-0.358,-0.153,-0.261,-0.239,-0.402,0.061,-0.81,-0.013,0.099,-0.79,0.045,-0.431,-0.165,-0.33,-0.212,-0.288,0.095,-0.176,-0.574,0.31,-0.152,-0.857,-0.428,-0.241,-0.048,-0.569,-0.451,0.177,0.045,0.204,-0.101,0.156,0.556,-0.237,-0.269,-0.312,-0.457,0.565,-0.246,-0.267,0.078,-0.36,-0.27,-0.223,-0.244,0.359,0.1,-0.578,-0.366,-0.558,0.181,-0.523,-0.475,0.077
-0.519,0.078,-0.531,0.044,0.107,0.092,-0.209,-0.087,0.09,-0.226,-0.286,-0.015,-0.119,0.102,-0.291,-0.019,0.036,0.057,0.133,0.037,-0.146,0.173,-0.45,-0.199,-0.206,-0.032,0.11,-0.218,-0.092,-0.048,-0.241,-0.066,0.093,-0.103,-0.362,0.342,-0.15,-0.059,-0.21,-0.056,0.033,0.044,-0.201,-0.258,0.016,0.178,-0.152,-0.101,-0.133,0.09,0.021,-0.078,-0.44,0.008,-0.165,-0.107,0.089,-0.393,-0.248,-0.352,-0.037,-0.036,0.062,-0.32,-0.149,-0.19,-0.011,-0.014,-0.057,-0.316
-0.515,0.278,-0.243,0.193,-0.046,0.097,-0.102,-0.098,-0.084,-0.096,0.11,-0.243,0.021,0.129,-0.033,0.17,-0.042,0.244,0.121,-0.052,0.16,-0.129,-0.06,-0.06,-0.064,0.106,-0.088,-0.227,0.047,0.204,-0.244,0.107,-0.047,-0.04,-0.084,-0.323,-0.197,-0.257,0.069,-0.181,-0.002,0.16,-0.071,0.046,-0.006,-0.124,-0.272,0.39,0.014,0.027,-0.088,-0.249,-0.172,-0.55,-0.148,-0.192,-0.153,0.317,-0.212,0.255,-0.447,0.154,-0.012,-0.15,-0.168,0.031,-0.161,0.037,-0.118,-0.186
0.187,0.133,-0.538,0.224,-0.292,0.257,-0.091,-0.121,-0.279,-0.15,0.038,-0.227,-0.254,0.026,-0.258,0.458,-0.137,0.242,0.073,-0.031,0.403,-0.247,0.355,-0.041,0.221,-0.02,-0.002,0.213,-0.14,-0.212,-0.309,-0.167,0.084,-0.023,0.315,-0.135,-0.106,-0.427,0.051,-0.15,0.066,-0.075,-0.165,0.092,-0.01,0.044,-0.153,0.326,-0.102,-0.251,0.16,-0.223,-0.663,0.212,-0.17,0.11,-0.088,-0.185,0,-0.114,-0.25,0,-0.022,-0.11,-0.176,-0.33,0.116,-0.373,-0.213,-0.24
0.315,-0.011,-0.062,0.08,-0.332,0.169,-0.294,-0.089,-0.182,-0.093,-0.075,-0.219,-0.267,-0.139,-0.244,0.042,-0.137,0.045,0.067,-0.081,0.049,-0.325,0.065,0.112,0.162,-0.102,-0.038,0.076,-0.103,-0.2,-0.106,-0.156,0.107,0.044,0.046,-0.147,0.014,0.098,0.063,-0.027,0.123,0.057,-0.226,0.092,-0.051,-0.085,-0.348,0.031,-0.064,-0.224,-0.35,-0.186,-0.644,-0.4,-0.116,0.119,-0.001,0.139,-0.183,0.087,-0.196,0.1,-0.167,-0.404,-0.109,-0.482,0.087,-0.301,0.087,-0.187
0.291,-0.039,-0.348,0.076,-0.284,-0.407,-0.41,0.14,-0.43,-0.075,0.08,-0.065,-0.129,0.282,0.146,-0.212,0.111,-0.131,-0.177,0.077,-0.115,0.024,-1.019,0.147,-0.159,-0.183,0.282,-0.369,0.136,-0.09,-0.121,0.018,0.13,0.107,-0.299,0.166,0.042,-0.504,-0.241,0.291,0.301,0.055,-0.015,0.025,-0.085,0.076,-0.02,0.124,0.008,-0.381,-0.033,0.003,0.005,-0.121,0.001,0.112,0.24,-0.298,0.318,-0.168,-0.021,0.188,-0.468,-0.096,-0.06,-0.095,0.11,-0.263,0.225,-0.325
-0.403,0.16,-0.424,-0.104,-0.116,0.162,-0.343,-0.061,-0.087,0.215,-0.22,0.068,0.066,-0.056,-0.021,-0.264,0.147,0.365,0.225,0.175,0.1,-0.087,-0.206,-0.081,0.128,-0.152,-0.118,-0.168,0.135,0.086,-0.095,-0.055,0.197,0.061,0.112,-0.061,-0.395,-0.422,-0.09,-0.022,0.114,-0.101,0.035,0.101,0.243,0.078,-0.168,0.147,-0.071,0.01,-0.009,-0.068,-0.232,-0.233,-0.083,0.046,-0.093,-0.285,0.118,-0.177,0.108,0.003,-0.231,-0.154,-0.1,0.141,-0.249,0.141,-0.055,-0.262
0.195,-0.174,-0.178,0.037,-0.147,-0.075,-0.055,0.16,-0.036,0.144,-0.057,0.171,0.034,0.134,0.051,0.071,0.12,-0.082,-0.176,0.027,-0.054,-0.066,-0.743,0.061,-0.069,-0.025,-0.099,-0.126,0.074,0.199,-0.021,0.064,0.3,0.092,-0.114,0.001,-0.107,-0.437,-0.023,0.099,0.157,0.044,0.008,0.019,0.003,0.159,-0.277,0.121,0.096,0.011,-0.049,0.075,0.207,0.057,-0.122,0.15,0.109,0.443,0.135,0.404,0.064,0.153,-0.069,-0.118,-0.025,-0.127,-0.128,0.161,-0.092,-0.183
-0.219,0.008,-0.625,-0.082,-0.203,-0.126,-0.229,-0.042,-0.048,0.079,-0.208,-0.006,0.02,-0.064,-0.15,-0.127,-0.006,0.127,0.172,-0.036,0.065,-0.288,0.066,-0.055,0.317,0.029,-0.156,0.313,-0.119,0.041,-0.174,0.008,-0.008,0.041,0.131,-0.044,-0.11,-0.354,0.187,-0.086,-0.011,-0.046,-0.038,0.002,-0.087,0.129,-0.179,-0.125,-0.248,-0.085,-0.307,-0.057,-0.483,-0.338,-0.139,0.157,-0.135,-0.104,-0.047,-0.112,-0.093,0.127,0.059,-0.116,-0.111,-0.283,-0.045,-0.269,-0.013,-0.094
-0.136,-0.066,-0.274,0.121,-0.186,-0.261,0.186,-0.158,-0.341,0.107,-0.108,0.192,0.001,-0.073,0.028,-0.121,0.268,-0.27,0.021,0.128,0.005,-0.046,-0.439,0.272,-0.148,-0.079,-0.226,-0.11,-0.036,0.182,0.159,0.002,-0.12,0.068,-0.338,-0.019,0.088,0.091,0.009,0.01,-0.125,-0.138,0.008,0.078,-0.016,0.052,-0.114,0.163,0.257,-0.203,0.111,0.005,-0.397,-0.172,0.017,-0.124,0.041,-0.247,-0.071,-0.192,0.068,-0.011,0.391,-0.003,-0.136,-0.127,-0.015,-0.16,-0.025,0.29
-0.128,0.03,-0.117,0.033,-0.094,-0.011,0.013,0.086,-0.067,-0.055,-0.109,-0.059,-0.184,-0.108,-0.016,-0.017,-0.026,0.028,0.026,-0.034,-0.058,-0.041,-0.239,-0.02,0.02,-0.006,0.044,-0.054,0.011,0.01,-0.047,-0.013,0.04,-0.063,0.04,0.049,-0.023,0.045,-0.01,-0.062,-0.055,0.019,-0.002,0.03,0.023,0.008,0.008,0.027,-0.084,-0.154,-0.143,-0.023,-0.103,-0.029,-0.069,-0.063,0.04,0.102,-0.009,0.066,-0.06,-0.096,0.378,-0.064,0.005,-0.158,0.007,-0.1,-0.007,-0.117
-0.069,0.063,-0.34,0.15,-0.147,-0.147,-0.047,-0.04,-0.2,0.226,-0.248,0.291,0.067,-0.032,-0.076,0.008,0.186,-0.304,-0.038,0.103,0.041,-0.031,-0.53,0.223,0.047,-0.09,-0.113,-0.166,-0.065,0.125,0.169,-0.058,-0.187,-0.054,-0.364,0.029,0.046,0.049,-0.012,0.039,-0.125,-0.12,-0.006,0.077,-0.123,0.173,0.038,-0.023,0.229,-0.105,0.181,0.059,-0.158,0.086,0.082,-0.083,0.126,-0.153,-0.036,-0.126,-0.045,0.012,0.396,0.17,-0.275,-0.079,0.041,-0.146,-0.143,0.147
0.138,-0.239,0.206,0.103,-0.045,-0.295,-0.161,-0.125,-0.1,-0.05,0.051,0.261,0.318,0.207,0.244,0.033,0.206,-0.165,-0.373,0.081,-0.2,0.128,-0.885,0.083,0.256,0.02,0.127,-0.269,0.095,0,0.139,0.183,0.102,-0.051,-0.521,-0.025,0.377,-0.57,-0.261,0.109,-0.056,-0.063,0.071,0.157,-0.172,-0.002,0.114,-0.044,0.456,-0.096,0.204,-0.08,0.424,-0.013,0.069,-0.145,0.137,-0.309,0.104,-0.311,-0.172,0.437,-0.221,0.027,0.177,0.047,-0.012,0.004,0.217,0.042
-0.25,0.203,-0.426,0.181,-0.08,0.102,-0.385,-0.11,-0.023,0.082,-0.317,0.148,0.179,0.099,0.414,-0.049,0.129,0.018,-0.168,0.075,0.084,0.053,-0.353,0.019,0.142,-0.152,-0.158,-0.024,-0.185,0,-0.03,0.044,0.031,0.05,0.158,-0.308,-0.077,-0.423,0.1,-0.018,-0.112,-0.216,0.065,0.146,0.027,-0.098,-0.048,-0.274,-0.14,-0.017,0.097,-0.062,-0.217,-0.292,0.048,-0.13,0.14,0.38,0.558,0.36,-0.236,0.088,-0.014,0.261,-0.01,0.083,-0.116,-0.222,-0.171,0.027
-0.483,0.083,-0.669,-0.018,0.089,-0.088,-0.339,-0.055,0.044,-0.078,-0.121,-0.242,-0.368,-0.208,-0.137,-0.015,-0.349,0.035,0.077,-0.143,-0.172,-0.166,-0.401,-0.04,-0.182,-0.032,-0.16,0.092,-0.168,-0.24,0.049,-0.292,0.052,-0.026,0.124,-0.307,-0.211,0.855,0.115,-0.041,-0.112,-0.163,-0.289,-0.045,0.103,-0.076,-0.11,-0.142,-0.267,0.092,-0.311,-0.096,-0.533,-0.026,-0.231,0.205,0.015,-0.269,0.071,-0.202,-0.101,-0.277,0.001,-0.34,-0.172,-0.49,0.098,-0.475,-0.135,-0.265
0.411,-0.075,0.017,-0.205,0.33,-0.502,-0.322,0.898,-0.153,0.163,0.095,0.244,0.073,0.251,0.557,-0.624,0.171,-0.188,-0.114,0.112,-0.372,0.244,-1.223,0.378,-0.028,-0.385,0.296,-0.32,0.227,0.049,0.569,0.229,-0.135,0.018,-0.584,0.141,-0.027,-0.659,0.075,0.205,0.093,0.045,0.459,0.048,-0.09,-0.087,0.334,-0.299,0.032,-0.041,0.461,0.678,0.541,-0.091,0.142,-0.167,0.263,-0.4,0.495,-0.257,0.023,-0.241,-0.035,0.476,0.214,0.523,0.08,0.101,-0.123,0.039
-0.191,0.298,-0.523,-0.146,-0.04,0.016,0.102,0.258,-0.221,-0.056,0.404,-0.125,-0.33,-0.235,0.283,0.232,-0.245,0.561,-0.231,-0.041,-0.085,-0.151,-0.922,0.116,0.106,0.52,-0.011,-0.187,-0.021,-0.238,0.183,-0.1,-0.173,0.378,-0.047,-0.432,0.282,-0.514,-0.047,-0.163,-0.233,0.312,0.02,0.064,0.118,-0.173,-0.094,0.112,-0.073,-0.144,-0.057,0.067,-0.251,-0.34,-0.002,-0.251,0.012,-0.26,0.039,-0.118,-0.174,-0.219,0.119,0.112,-0.02,0.052,-0.021,-0.424,0.11,-0.042
0.196,-0.004,-0.412,-0.051,0.183,0.064,0.052,-0.028,0.184,0.178,0.148,-0.041,0.364,-0.128,0.221,-0.328,-0.011,0.123,0.015,-0.051,-0.008,0.082,-0.209,-0.085,-0.134,-0.021,-0.053,-0.21,-0.214,-0.052,0.111,0.079,-0.137,-0.178,-0.003,-0.49,-0.304,0.176,-0.073,-0.147,0.443,0.402,0.201,0.114,-0.055,0.04,0.148,-0.291,0.203,0.25,0.296,-0.044,0,0.068,0.12,0.042,0.185,0.163,0.155,0.209,-0.068,-0.3,0.153,0.325,-0.01,0.357,0.168,-0.005,-0.163,-0.081
-0.208,0.078,-0.258,0.502,0.012,0.399,-0.089,-0.015,0.009,-0.219,-0.013,-0.381,-0.349,0.038,-0.091,0.381,-0.312,-0.01,0.247,-0.178,0.055,0.015,0.097,-0.076,0.278,-0.354,-0.029,0.093,-0.105,-0.274,-0.194,-0.28,-0.107,-0.122,0.381,-0.105,-0.273,0.351,0.113,-0.302,-0.284,-0.162,-0.3,0.056,0.152,-0.064,-0.076,-0.286,0.265,0.094,-0.188,-0.138,-0.357,-0.195,-0.095,0.027,0.11,-0.386,-0.046,-0.244,-0.075,0.126,-0.05,-0.322,-0.208,-0.451,0.047,-0.474,-0.008,-0.038
-0.14,-0.024,-0.572,0.109,-0.117,0.074,-0.353,-0.021,0.073,0.033,-0.081,-0.203,-0.315,-0.073,-0.167,-0.069,-0.236,-0.015,0.219,-0.141,0.064,-0.226,-0.029,-0.164,0.064,-0.308,-0.142,0.022,-0.248,-0.225,-0.122,-0.164,0.115,0.135,-0.024,-0.132,-0.278,0.329,-0.023,-0.026,-0.092,-0.138,-0.203,0.007,-0.023,-0.074,-0.318,0.21,-0.209,0.054,-0.454,0.052,-0.603,-0.017,-0.174,0.22,0.094,-0.491,0.144,-0.383,-0.087,-0.251,-0.124,-0.391,-0.245,-0.419,0.26,-0.368,-0.188,-0.132
-0.377,-0.135,-0.848,0.167,0.06,0.193,-0.143,-0.039,0.137,-0.115,-0.169,-0.197,-0.222,-0.222,-0.129,0.118,-0.255,0.116,-0.004,-0.189,0.005,-0.094,0.123,-0.201,-0.063,0.202,-0.226,-0.147,-0.188,-0.117,-0.179,-0.206,0.231,-0.049,-0.022,-0.101,-0.367,-0.685,-0.375,0.042,-0.079,-0.229,-0.332,-0.153,-0.003,-0.095,-0.111,-0.076,-0.287,0.145,-0.45,-0.054,-0.346,-0.037,-0.19,0.288,-0.002,-0.013,0.015,0.107,-0.178,-0.201,-0.027,-0.363,-0.198,-0.421,0.021,-0.277,0.13,-0.37
0.258,0.027,-0.605,-0.077,0.139,-0.421,-0.254,0.021,-0.13,0.232,0.345,0.172,0.181,0.163,0.731,-0.479,0.117,-0.035,-0.11,0.109,-0.419,0.117,-1.003,0.356,-0.131,0.231,0.184,-0.422,-0.04,0.006,0.125,0.021,-0.032,0.181,-0.471,-0.098,0.365,-0.673,-0.189,0.253,0.024,0.125,0.419,0.3,-0.103,0.015,0.562,0.062,0.017,-0.041,0.208,0.157,0.89,-0.242,0.539,-0.206,0.355,-0.455,0.009,-0.337,0.269,0.17,0.028,0.262,0.429,0.655,0.28,0.173,-0.301,-0.22
-0.083,-0.151,0.035,-0.113,-0.099,-0.247,-0.527,-0.253,-0.095,-0.292,0.246,0.159,-0.367,-0.175,-0.329,-0.07,-0.288,0.119,0.169,-0.201,0.219,-0.734,0.058,-0.286,-0.29,-0.149,-0.214,0.134,-0.552,-0.255,-0.49,0.381,-0.382,-0.091,0.088,-0.229,-0.192,-0.622,0.125,-0.091,0.105,-0.057,-0.036,0.174,0.217,-0.134,-0.354,0.089,-0.124,-0.19,-0.612,-0.363,-0.527,0.004,-0.469,0.039,-0.155,-0.231,-0.231,-0.255,-0.376,-0.451,-0.475,-0.289,0.06,-0.223,-0.205,-0.568,-0.267,-0.258
0.22,-0.318,0.225,-0.107,-0.011,-0.459,0.374,0.32,-0.501,0.294,-0.211,0.37,0.12,0.329,0.252,-0.562,0.193,-0.015,-0.001,0.17,-0.427,0.032,-1.308,0.122,-0.048,0.033,0.132,-0.305,0.35,-0.029,0.333,0.109,-0.229,0.041,-0.534,0.07,-0.218,-1.11,-0.399,0.277,0.249,-0.12,0.136,-0.032,-0.19,0.218,0.262,0.257,0.184,-0.409,0.177,0.324,1.043,-0.068,0.336,-0.148,0.066,-0.653,0.021,-0.372,-0.254,0.308,0.331,0.249,-0.186,0.303,0.163,0.355,-1.222,-0.057
0.267,0.039,-0.537,-0.173,0.029,-0.272,-0.277,0.438,-0.32,0.204,-0.218,0.237,0.028,0.342,0.213,-0.088,0.124,0.312,-0.032,0.075,0.194,0.055,0.089,-0.112,-0.083,1.07,-0.01,0.22,-0.158,0.12,-0.038,0.012,0.231,0.288,-0.602,-0.11,-0.302,-1.026,-0.006,0.024,0.093,-0.058,-0.09,-0.096,-0.058,0.247,0.038,0.535,-0.295,-0.366,0.097,0.149,0.144,-0.379,-0.095,0.515,0.026,-0.729,0.185,-0.467,-0.377,-0.092,-0.104,-0.022,0.23,-0.104,-0.203,0.284,-0.122,-0.414
0.632,-0.327,-0.226,-0.176,0.108,-0.414,-0.264,0.035,-0.237,0.287,0.168,0.339,0.045,0.242,0.281,-0.393,0.296,-0.274,-0.455,0.268,0.087,0.221,-1.079,0.068,-0.035,0.484,0.085,-0.305,0.079,0.194,0.105,0.382,0.118,0.235,-0.353,0.231,0.421,-0.721,-0.295,0.1,0.214,0.02,0.3,0.311,-0.176,0.257,0.427,0.444,0.264,-0.208,0.43,0.428,0.644,-0.371,0.049,-0.147,0.389,-0.033,0.252,-0.125,0.742,0.218,-0.372,0.31,0.418,0.46,0.157,0.102,0.109,0.133
-0.416,0.026,-0.069,-0.034,-0.024,-0.372,0.049,-0.084,-0.001,0.094,0.413,-0.19,-0.228,-0.293,0.128,-0.551,-0.052,-0.106,0.035,-0.064,-0.242,0.057,-0.531,-0.187,-0.269,-0.016,-0.159,-0.306,-0.103,0.252,-0.147,-0.04,-0.121,0.027,-0.011,-0.111,-0.34,-0.93,-0.016,-0.039,-0.034,-0.183,0.139,-0.032,0.119,0.013,0.266,-0.137,0.059,0.089,0.002,0.185,0.026,-0.255,-0.132,-0.084,-0.072,-0.09,0.731,0.013,-0.373,-0.082,0.079,-0.228,-0.13,-0.283,-0.179,-0.342,-0.452,-0.285
0.18,-0.301,0.018,0.214,0.061,0.004,0.331,0.226,-0.307,-0.081,0.291,0.303,0.034,0.082,0.158,-0.382,0.378,-0.008,-0.305,0.212,0.026,-0.012,-0.971,0.063,0.288,-0.192,0.159,-0.392,0.315,0.36,-0.172,0.093,0.12,0.453,-0.094,0.126,0.559,-0.634,-0.236,0.092,-0.047,0.056,0.072,0.314,-0.039,-0.067,-0.02,0.25,0.32,-0.122,0.05,-0.135,0.19,-0.228,0.019,0.194,0.259,-0.022,0.114,0.079,0.16,0.12,-0.187,0.053,-0.005,0.034,0.195,-0.143,0.229,-0.024
-0.591,-0.135,0.571,-0.274,-0.076,-0.25,-0.059,-0.271,-0.191,0.074,-0.365,-0.1,-0.264,0.186,-0.539,-0.664,-0.2,0.088,-0.08,-0.187,-0.192,-0.204,-0.432,0.331,-0.217,-0.199,0.024,-0.003,0.029,-0.14,0.084,-0.191,0.072,0.147,0.223,0.101,-0.226,0.643,-0.043,0.146,0.166,-0.344,-0.257,-0.016,-0.057,-0.117,-0.015,-0.437,-0.177,-0.252,-0.331,-0.077,-0.468,-0.431,-0.178,0.037,0.105,-0.443,0.229,-0.28,-0.091,-0.368,-0.097,-0.329,-0.144,-0.511,-0.23,-0.373,-0.267,-0.064
-0.251,0.061,-0.449,0.301,-0.169,0.202,-0.194,-0.148,0.106,-0.084,-0.104,-0.192,-0.241,-0.03,-0.089,0.164,-0.174,0.103,0.154,-0.07,0.267,-0.275,0.312,-0.22,-0.09,-0.221,-0.266,0.089,-0.178,-0.226,-0.199,-0.119,0.082,0.017,0.446,-0.352,-0.251,0.719,0.32,-0.136,-0.253,-0.174,-0.186,-0.164,0.204,-0.161,-0.174,-0.491,0.031,0.205,-0.196,-0.005,-0.469,0.096,-0.046,0.019,-0.06,-0.332,-0.005,-0.247,-0.227,-0.246,0.07,-0.145,-0.228,-0.582,-0.167,-0.474,0.081,-0.215
-0.077,-0.034,-0.473,-0.129,0.083,-0.196,0.07,-0.141,-0.293,-0.168,-0.314,-0.34,0.075,-0.027,-0.022,-0.312,-0.173,-0.166,0.159,-0.073,0.064,0.057,0.873,-0.003,0.21,-0.244,-0.284,0.259,0.06,-0.338,-0.182,-0.119,-0.4,-0.223,0.59,0.169,-0.44,-0.578,0.039,0.022,-0.033,-0.129,-0.106,0.01,0.036,0.02,-0.031,-0.223,0.012,-0.031,-0.191,-0.046,-0.545,0.171,-0.021,0.086,-0.196,-0.46,-0.241,-0.223,-0.187,-0.179,0.477,-0.136,0.015,-0.283,-0.177,-0.162,-0.213,0.253
-0.256,-0.05,0.067,0.05,0.199,0.004,0.552,0.112,-0.217,-0.026,0.157,0.014,-0.003,0.25,0.226,-0.159,0.005,-0.132,-0.169,-0.027,-0.278,0.227,-0.989,0.095,0.041,0.064,-0.345,-0.273,0.177,-0.134,-0.164,0.058,-0.38,0.271,-0.098,-0.153,0.185,-0.821,-0.009,-0.129,-0.034,-0.092,0.176,-0.007,-0.026,0.09,0.166,-0.098,0.189,-0.09,0.226,0.065,0.018,0.113,0.166,0.073,0.097,-0.39,-0.205,-0.308,0.24,0.132,-0.112,0.019,0.114,0.083,-0.053,-0.022,-0.427,-0.07
0.147,-0.198,-0.167,0.024,0.03,-0.133,-0.126,-0.04,-0.243,0.461,0.124,-0.061,0.223,0.015,0.196,0.064,0.128,-0.089,-0.114,0.068,0.169,0.18,-0.955,-0.089,0.184,0.422,0.343,-0.08,-0.089,0.149,-0.021,0.18,-0.048,0.205,-0.499,0.045,0.457,-0.045,-0.174,-0.114,-0.127,-0.258,0.208,0.192,-0.074,0.262,0.322,-0.397,0.344,-0.04,0.107,0.177,0.213,-0.09,0.303,0.073,0.085,0.258,0.135,0.295,0.332,0.071,-0.179,0.25,0.053,0.191,0.048,0.652,0.108,0.498
0.138,-0.04,-0.416,-0.014,0.016,-0.104,-0.079,0.481,-0.375,0.13,0.132,0.338,0.141,-0.043,0.067,-0.355,0.335,-0.38,-0.249,0.246,-0.276,0.444,-1.142,0.203,0.056,-0.117,0.369,-0.315,0.057,-0.07,-0.052,0.286,-0.082,0.09,-0.333,0.05,0.087,-0.615,-0.176,0.083,0.029,0.29,0.245,0.118,-0.079,0.03,0.313,0.224,0.266,-0.233,0.234,0.239,0.545,-0.138,0.323,-0.067,0.329,-0.249,0.215,-0.094,0.093,-0.004,-0.161,0.262,0.005,0.268,0.129,-0.095,-0.05,-0.186
-0.042,-0.15,-1.036,-0.085,-0.052,0.052,-0.385,-0.145,-0.025,-0.114,-0.375,-0.306,-0.176,-0.326,-0.119,-0.012,-0.154,-0.289,-0.182,-0.081,-0.17,-0.045,0.222,-0.222,0.066,-0.132,0.182,0.157,-0.368,-0.142,-0.307,-0.223,0.306,0.042,0.508,-0.143,-0.358,0.7,-0.141,-0.167,-0.08,0.001,-0.303,-0.208,0.36,-0.1,-0.127,-0.338,-0.257,0.154,-0.433,-0.068,-0.405,-0.457,-0.053,0.245,0.033,-0.514,-0.165,-0.341,-0.21,-0.097,-0.159,-0.141,-0.428,-0.466,0.123,-0.371,-0.233,-0.24
0.186,0.087,-0.252,-0.181,-0.012,-0.635,-0.278,-0.295,-0.477,0.227,0.471,0.042,0.066,-0.156,0,-0.378,0.21,-0.186,-0.355,0.186,-0.321,0.176,-0.803,-0.008,0.043,0.445,-0.341,-0.203,-0.027,0.093,0.017,0.154,0.093,0.134,-0.484,-0.092,-0.104,-0.597,0.273,0.014,0.465,0.329,0.014,-0.017,0.006,0.188,0.122,-0.5,0.436,-0.254,-0.053,0.163,-0.41,-0.225,-0.01,-0.25,-0.065,0.257,0.165,0.324,0.086,-0.178,-0.216,0.319,0.007,0.39,0.237,0.568,0.237,0.155
0.272,-0.08,0.134,-0.012,0.039,-0.522,0.095,0.157,-0.203,-0.013,0.071,0.489,0.079,-0.008,0.152,-0.04,0.512,-0.245,-0.016,0.39,-0.159,-0.055,-0.977,0.008,0.105,0.046,-0.101,-0.09,0.201,0.25,0.259,0.355,-0.091,0.029,-0.412,0.131,0.456,-0.364,-0.244,0.137,0.001,-0.107,0.326,0.423,-0.088,0.047,-0.01,0.216,0.326,-0.215,-0.064,0.165,0.544,-0.504,0.28,-0.399,0.189,-0.045,0.074,-0.044,0.186,0.342,0.011,0.54,0.138,0.32,0.243,0.145,0.049,0.047
-0.414,0.119,-0.381,0.28,-0.023,0.065,-0.143,0.029,-0.05,-0.229,0.423,-0.527,-0.379,-0.088,-0.034,-0.081,0.16,0.044,0.241,-0.226,0.098,-0.148,0.371,-0.014,-0.306,0.064,-0.128,-0.031,0.019,-0.09,-0.233,-0.184,-0.329,-0.199,-0.337,-0.233,-0.065,-0.437,0.098,-0.317,-0.235,-0.079,-0.269,0.258,0.085,-0.195,-0.058,-0.003,0.126,-0.221,-0.344,-0.203,-0.553,0.336,-0.307,0.172,0.026,0.207,-0.076,0.082,2,-0.229,0.075,-0.481,-0.097,-0.623,0.136,-0.437,-0.296,0.264
0.102,0.023,-0.049,-0.238,-0.175,-0.187,0.072,0.705,-0.127,0.074,0.281,0.131,0.057,-0.056,0.084,-0.303,0.234,-0.459,-0.168,0.03,-0.428,-0.071,-0.381,0.331,0.259,-0.12,0.221,0.066,-0.092,-0.152,0.257,0.594,0.096,0.148,-0.35,0.228,0.644,-0.824,-0.109,-0.137,-0.006,0.016,0.199,0.199,-0.076,-0.149,-0.001,-0.137,-0.133,-0.153,-0.03,0.415,0.003,0.043,0.18,0.249,0.152,0.321,0.146,0.269,0.17,-0.074,0.223,0.369,0.733,0.153,0.188,0.138,0.365,0.227
-0.678,-0.258,0.398,0.192,-0.197,0.098,-0.026,-0.273,-0.045,-0.281,0.243,-0.37,-0.48,-0.284,0.057,0.198,-0.201,-0.22,-0.048,-0.077,0.111,-0.147,-0.91,0.134,0.15,-0.207,-0.145,-0.213,0.283,0.577,-0.241,-0.057,-0.531,0.059,-0.191,-0.379,0.261,-0.474,-0.069,-0.102,-0.326,-0.145,-0.159,0.181,-0.072,-0.26,-0.008,-0.265,0.199,-0.031,-0.252,-0.23,-0.4,0.058,-0.064,0.142,-0.123,-0.281,-0.118,-0.057,-0.032,0.186,0.089,-0.254,-0.041,-0.446,-0.133,-0.265,-0.139,0.182
-0.571,-0.064,-0.028,-0.126,-0.199,-0.057,-0.506,-0.219,-0.011,0.112,-0.241,0.171,0.206,-0.078,-0.218,-0.148,0.164,0.166,0.15,0.114,-0.144,-0.215,0.381,0.094,0.163,0.319,0.032,0.057,-0.149,0.229,-0.101,0.038,-0.276,-0.104,-0.286,-0.156,-0.293,0.71,-0.112,-0.045,-0.043,-0.154,-0.167,0.1,0.071,-0.018,-0.155,-0.323,-0.025,-0.014,-0.297,-0.145,-0.634,0.641,-0.065,0.087,-0.119,-0.331,-0.055,-0.322,0.005,-0.085,0.027,0.093,-0.343,-0.102,-0.037,-0.11,0.056,-0.39
0.255,-0.222,0.401,-0.105,-0.13,-0.066,-0.028,-0.139,-0.025,0.16,-0.173,-0.018,0.017,0.027,0.033,-0.141,0.093,-0.193,-0.078,0.07,-0.086,-0.248,-0.77,0.102,0.265,0.134,-0.072,-0.177,-0.102,0.165,0.234,0.211,-0.291,-0.07,-0.417,-0.494,0.142,-0.46,-0.283,-0.158,-0.264,0.34,0.477,0.567,0.053,-0.189,0.523,0.03,0.07,0.099,-0.071,0.132,0.354,-0.306,0.153,-0.188,0.262,0.203,-0.063,0.128,0.119,0.154,0.115,0.108,0.054,0.14,-0.084,0.21,-0.023,0.04
-0.303,0.035,-0.203,0.03,-0.066,0.267,0.077,-0.045,0.031,-0.041,-0.16,0.202,-0.012,-0.284,0.12,-0.042,-0.129,0.082,-0.081,0.014,-0.089,-0.071,-0.167,0.058,-0.002,-0.214,0.014,0.006,0,-0.013,-0.128,0.092,0.07,0.062,0.019,-0.029,-0.084,-0.477,0.002,-0.04,0.024,-0.158,0.159,0.052,0.174,0.001,-0.095,-0.164,-0.13,0.09,-0.29,-0.016,-0.054,0.193,-0.059,0.142,0.055,-0.306,0.218,-0.193,0.059,0.047,0.345,0.146,-0.162,-0.094,-0.111,0.148,-0.145,-0.128
-0.405,0.114,-0.177,0.346,-0.183,0.332,-0.266,0.008,-0.002,-0.185,-0.189,-0.306,-0.552,-0.062,-0.233,0.384,-0.293,0.353,0.118,-0.172,0.142,-0.195,0.472,-0.06,0.019,-0.216,-0.021,0.066,-0.06,-0.289,-0.074,-0.25,-0.172,-0.07,0.237,-0.166,-0.265,-0.026,0.242,-0.134,0.054,-0.068,-0.257,-0.04,0.111,-0.193,0.046,-0.172,-0.034,0.024,-0.189,-0.166,-0.56,0.228,-0.013,0.04,-0.054,-0.103,-0.162,-0.162,-0.107,-0.176,-0.014,-0.398,-0.2,-0.528,-0.088,-0.421,-0.257,-0.312
-0.473,0.386,-0.057,-0.092,0.031,0.158,0.02,-0.084,-0.128,0.323,-0.038,0.23,0.444,-0.158,-0.124,-0.185,0.192,-0.001,0.116,0.095,-0.111,0.07,-0.696,-0.101,0.091,-0.444,0.039,-0.121,-0.053,0.109,-0.083,0.004,0.366,-0.32,0.012,0.027,-0.363,-0.752,0.033,0.091,-0.066,0.053,0.146,0.178,0.024,-0.043,-0.174,-0.311,0.078,-0.015,0.221,-0.024,0.083,-0.318,0.05,-0.125,0.258,-0.28,-0.025,-0.213,0.368,0,-0.184,0.21,0.343,0.066,-0.166,0.033,0.406,-0.059
-0.646,0.276,-0.478,0.022,-0.058,-0.128,-0.38,-0.168,-0.104,0.441,0.071,0.103,0.255,-0.366,-0.323,-0.523,0.132,0.244,0.187,0.045,0.397,0.31,-0.618,0.018,-0.193,0.005,-0.274,0.032,-0.059,0.426,-0.169,0.303,-0.374,-0.244,-0.038,0.357,-0.376,-0.583,-0.025,0.162,0.026,0.004,0.016,-0.13,-0.034,-0.004,0.044,0.043,0.093,0.009,0.301,-0.045,-0.075,0.319,-0.072,-0.133,-0.117,-0.058,-0.088,0.03,-0.243,-0.263,-0.403,0.525,0.137,0.219,0.35,0.214,-0.102,-0.355
0.151,0.201,-0.083,-0.056,-0.145,0.036,-0.371,-0.258,0.285,0.138,-0.405,-0.228,0.171,-0.154,-0.132,-0.188,-0.145,0.058,-0.195,-0.181,-0.153,-0.03,-0.66,-0.062,0.029,-0.282,0.189,-0.094,0.159,-0.21,-0.05,0.259,0.172,-0.096,0.115,-0.009,-0.371,-0.658,0.097,0.225,0.109,-0.177,-0.143,0.101,-0.12,0.054,-0.178,0.632,-0.026,0.303,-0.145,-0.117,-0.096,-0.175,-0.006,0.001,-0.268,0.754,-0.29,0.81,0.056,-0.07,-0.051,-0.142,-0.165,-0.213,0.206,-0.086,-0.3,-0.215
-0.428,-0.277,-0.319,0.105,-0.1,0.015,-0.314,-0.429,-0.032,-0.161,-0.24,-0.313,-0.059,0.028,-0.08,0.095,0.007,0.049,-0.084,-0.011,0.05,0.076,-0.407,-0.315,0.067,-0.113,0.185,0.069,-0.16,0.191,-0.477,0.037,-0.17,-0.371,-0.475,0.121,0.136,-0.829,-0.041,-0.225,-0.161,-0.064,-0.209,0.353,0.057,-0.076,-0.002,-0.228,0.305,-0.052,0.229,-0.393,-0.542,-0.058,-0.285,0.024,-0.199,-0.163,-0.047,-0.175,0.021,0.326,0.214,-0.028,0.053,-0.337,-0.188,-0.064,-0.195,0.233
-0.33,0.368,-0.35,-0.025,-0.182,0.255,0.257,0.018,0.085,-0.015,-0.236,-0.21,-0.047,0.35,0.034,0.249,-0.173,-0.072,0.036,-0.104,-0.01,-0.02,-0.842,-0.025,0.05,-0.308,0.029,0.063,-0.014,-0.326,-0.052,-0.264,-0.181,0.015,0.015,-0.065,-0.16,-0.657,-0.163,-0.238,0.047,0.031,-0.166,0.058,-0.03,-0.206,0.065,0.198,-0.125,0.07,-0.113,-0.212,-0.162,-0.268,-0.035,-0.121,0.015,-0.298,0.184,-0.192,-0.016,0.057,-0.149,-0.159,-0.259,-0.311,-0.211,-0.279,0.112,-0.218
-0.035,0.062,-0.017,0.314,-0.076,0.045,-0.234,-0.073,0.077,0.089,0.026,-0.168,-0.159,-0.247,0.609,0.146,-0.161,0.202,0.065,-0.063,0.183,-0.063,-0.361,0.114,0.007,-0.117,-0.168,-0.083,0.208,-0.079,-0.219,-0.097,-0.213,0.005,0.058,-0.418,0.056,0.412,0.297,-0.178,-0.356,-0.02,0.001,0.236,0.082,-0.316,0.153,-0.279,0.145,0.121,-0.12,-0.093,0.232,-0.552,-0.03,0.089,0.047,-0.068,0.104,-0.011,-0.067,-0.083,0.175,0.064,0.046,-0.018,-0.244,-0.333,-0.196,-0.086
-0.445,-0.417,-0.077,0.176,-0.332,-0.168,-0.175,-0.171,0.469,-0.403,-0.098,0.009,-0.643,-0.59,-0.352,0.1,-0.261,-0.001,-0.038,-0.436,-0.237,-0.054,0.623,-0.222,-0.181,0.043,-0.281,-0.591,-0.063,0.046,-0.405,0.564,-0.159,-0.176,0.213,-0.59,-0.103,-0.399,-0.004,-0.516,-0.814,-0.456,-1.001,0.118,0.299,-0.083,-0.731,-0.966,-0.19,-0.071,-0.404,-0.264,0.093,-0.474,-1.013,-0.049,-0.102,0.309,-0.336,0.188,-0.512,-0.671,-0.381,-0.469,-0.714,-0.299,-0.38,-0.835,-0.935,0.047
-0.166,0.203,-0.541,-0.247,0.032,-0.054,0.161,-0.014,0,-0.278,0.121,-0.259,-0.359,-0.144,-0.093,-0.072,-0.313,0.006,-0.186,-0.139,0.122,-0.178,0.107,0.219,-0.029,-0.083,-0.123,0.112,0.104,-0.208,-0.088,-0.32,-0.324,0.062,0.265,-0.238,0.443,0.193,0.018,-0.165,0.165,-0.028,-0.101,-0.047,0.061,-0.266,0.06,0.031,-0.201,-0.006,-0.037,-0.129,-0.334,-0.189,-0.166,0.114,-0.181,0.243,-0.073,0.206,-0.131,-0.192,0.103,-0.271,-0.025,-0.254,-0.282,-0.328,-0.319,-0.325
-0.424,-0.021,-0.716,-0.37,-0.317,0.087,0.096,-0.396,0.033,-0.378,-0.168,-0.679,-0.797,-0.227,-0.338,-0.181,-0.586,0.108,0.124,-0.381,0.302,-0.423,-0.13,-0.295,0.109,-0.159,-0.203,0.28,-0.129,-0.251,-0.226,-0.408,0.253,-0.027,-0.037,-0.298,-0.326,0.237,0.062,-0.069,0.03,-0.082,-0.446,-0.222,0.265,-0.147,-0.089,-0.016,-0.228,-0.037,-0.486,-0.231,-0.775,-0.253,-0.375,0.069,-0.27,-0.352,0.066,-0.238,-0.354,-0.067,0.079,-0.848,-0.381,-0.909,-0.004,-0.437,-0.574,-0.416
0.118,0.189,-0.022,0.278,-0.214,-0.077,-0.162,0.245,-0.118,0.07,0.363,0.126,0.045,0.177,-0.114,0.015,0.085,0.094,0.006,0.109,0.3,-0.109,0.139,-0.006,0.305,-0.013,0.088,0.008,0.02,-0.305,-0.103,-0.023,0.071,0.026,-0.335,-0.043,-0.057,-0.197,-0.077,-0.033,0.06,-0.055,0.138,0.306,-0.068,-0.098,0.005,0.366,0.321,-0.087,0.308,0.044,-0.155,-0.138,0.062,0.117,0.074,-0.34,0.137,-0.258,-0.203,0.062,-0.074,0.065,-0.282,-0.12,0.122,-0.077,0.631,-0.129
-0.234,-0.133,-0.578,0.323,0.04,0.081,-0.309,0.008,0.013,0.047,-0.243,0.115,-0.077,-0.012,-0.044,0.142,0.122,-0.088,0.007,0.15,0.214,0.08,0.149,0.052,-0.036,-0.354,-0.149,0.059,0.032,0.078,0.051,0.098,-0.112,0.087,0.367,0.097,-0.323,-0.491,0.019,-0.079,0.016,-0.012,0.172,-0.19,0.179,0.092,0.009,-0.398,-0.124,0.09,-0.07,0.032,-0.324,0.039,0.124,-0.051,-0.01,0.29,-0.242,0.262,0.103,-0.129,-0.238,-0.011,-0.176,0.07,0.031,-0.12,-0.061,-0.262
0.546,-0.01,-0.026,0.122,0.127,-0.39,0.837,0.024,-0.124,0.124,-0.193,0.06,-0.099,0.219,0.48,-0.161,0.078,-0.09,0.008,0.078,-0.237,0.019,-1.17,-0.086,0.102,-0.078,0.133,-0.314,0.065,-0.101,0.165,0.232,-0.242,0.079,-0.396,0.146,0.509,-0.449,-0.266,0.114,0.15,0.157,0.454,0.244,-0.075,0.022,0.175,-0.018,-0.002,-0.01,-0.047,0.207,0.56,0.035,0.141,0.006,0.154,-0.309,0.369,-0.22,0.269,0.113,0.078,0.181,-0.004,0.153,-0.308,0.023,-0.06,0.269
0.242,0.233,-0.585,0.24,0.005,-0.042,-0.237,-0.06,0.049,-0.011,0.042,0.168,0.197,-0.11,-0.077,-0.025,0.125,0.034,0.354,0.066,0.083,-0.02,-0.493,-0.165,-0.117,-0.39,-0.131,-0.136,-0.129,0.06,-0.11,0.127,0.062,-0.099,0.313,-0.174,-0.361,-0.214,0.13,-0.132,-0.176,-0.023,-0.007,-0.037,0.116,-0.276,-0.083,-0.32,-0.162,0.141,0.077,-0.108,-0.187,-0.066,-0.018,0.002,0.011,0.351,-0.061,0.382,-0.134,-0.284,-0.206,-0.059,-0.062,0.034,-0.114,-0.025,-0.08,0.074
0.1,0.328,-0.371,0.008,0.225,-0.267,-0.174,0.096,0.153,-0.067,0.265,0.013,0.12,-0.027,-0.112,-0.084,0.131,-0.201,-0.043,0.061,0.517,-0.066,-0.555,0.087,0.059,0.078,-0.073,-0.139,0.009,0.19,0.045,-0.02,-0.136,-0.046,0.073,-0.264,0.307,0.043,0.123,-0.059,-0.281,0.005,0.02,0.01,0.012,-0.111,-0.211,0.131,0.042,0.179,0.028,-0.024,-0.02,0.043,0.016,0.545,-0.053,-0.369,-0.009,-0.271,-0.113,-0.074,-0.107,0,0.253,-0.002,-0.035,0.064,0.173,0.022
-0.084,-0.179,-0.247,-0.275,0.257,-0.642,0.294,0.69,-0.062,0.283,-0.327,0.224,0.204,-0.187,0.643,-0.554,0.18,-0.177,-0.055,0.117,-0.366,0.273,-1.174,0.11,-0.221,-0.185,0.119,-0.314,0.062,0.333,0.452,0.158,-0.145,0.19,-0.575,0.292,0.125,-0.67,0.102,0.159,0.036,0.01,0.504,0.186,-0.031,0.143,0.249,-0.102,-0.003,0.052,0.227,0.608,0.797,-0.142,0.495,-0.26,0.556,-0.524,0.047,-0.296,0.093,0.45,-0.064,0.248,-0.042,0.806,-0.193,-0.175,-0.113,0.048
0.297,0.037,-0.659,-0.157,-0.15,-0.622,-0.322,0.271,-0.003,0.107,-0.336,-0.067,0.031,-0.033,0.389,-0.318,-0.09,0.192,0.009,0.045,-0.475,-0.209,-1.166,-0.102,-0.259,-0.099,0.255,-0.285,-0.216,-0.104,0.402,0.119,-0.103,0.021,-0.542,-0.189,-0.106,-0.501,-0.281,0.1,-0.08,-0.158,0.028,0.32,-0.054,0.072,0.027,0.014,-0.158,0.04,0.112,0.273,0.403,-0.259,0.251,-0.171,0.037,-0.545,0.167,-0.358,0.509,-0.275,-0.272,0.034,-0.132,0.538,0.043,-0.372,-0.21,-0.17
0.267,-0.229,0.442,-0.218,0.068,-0.75,-0.156,0.125,-0.174,0.327,0.068,0.556,0.344,0.093,-0.018,-0.668,0.403,-0.069,-0.255,0.342,-0.519,0.334,-1.192,-0.178,0.127,-0.597,0.377,-0.055,0.074,0.187,0.362,0.259,0.375,-0.043,-0.59,0.382,-0.396,-0.794,-0.156,0.156,0.037,0.271,0.353,0.18,-0.072,0.183,0.464,0.444,0.428,-0.148,0.625,0.489,0.677,0,0.467,-0.204,0.328,-0.634,0.116,-0.412,0.169,0.011,0.133,0.232,0.369,0.355,0.551,0.214,-0.077,-0.137
-0.158,-0.041,0.24,0.146,-0.118,0.237,-0.442,-0.158,0.076,-0.243,-0.282,-0.43,-0.538,-0.241,-0.047,0.025,-0.306,-0.068,0.043,-0.19,0.224,-0.223,0.712,-0.141,-0.001,-0.383,-0.173,0.244,0.094,0.035,-0.123,-0.226,0.153,-0.037,0.619,-0.204,-0.274,0.372,0.303,0.094,-0.285,-0.216,-0.345,-0.029,0.128,-0.332,-0.092,-0.514,-0.177,0.104,-0.448,-0.175,-0.644,0.261,-0.197,0.06,-0.158,-0.39,-0.052,-0.232,-0.097,-0.114,-0.098,-0.509,-0.251,-0.64,-0.162,-0.429,-0.071,-0.338
0.041,-0.023,-0.139,0.172,-0.017,0.122,-0.109,-0.175,-0.023,0.1,-0.098,0.177,0.193,-0.253,0.033,-0.11,0.067,-0.128,0.296,0.107,0.269,0.15,0.299,0.08,0.218,-0.473,-0.017,-0.085,-0.058,0.014,-0.102,0.02,0.202,0.144,0.033,0.005,-0.185,0.016,0.085,0.052,-0.133,-0.031,-0.02,0.278,0.038,0.091,-0.111,-0.044,0.16,0.046,-0.123,-0.176,-0.866,-0.407,0.085,0.106,0.064,-0.397,0.034,-0.151,-0.225,0.006,0.022,0.127,-0.085,-0.095,-0.007,-0.006,0.504,0.055
-0.517,0.07,-0.255,0.157,-0.101,0.258,-0.496,-0.039,-0.186,0.118,-0.108,0.056,0.287,-0.163,-0.108,0.436,0.13,0.1,0.153,0.061,-0.113,0.002,-0.647,-0.061,0.185,-0.007,0.01,-0.043,-0.334,-0.075,-0.152,0.177,0.209,0.125,-0.079,-0.014,-0.202,-0.525,0.073,-0.02,-0.107,-0.265,0.072,0.174,0.049,0.057,0.127,-0.193,-0.06,-0.19,-0.05,-0.061,-0.795,0.048,0.112,0.227,0.035,-0.256,0.022,-0.175,0.142,0.149,-0.052,0.271,0.197,0.23,0.129,-0.084,0.054,-0.026
-0.081,-0.159,-0.666,-0.026,0.115,-0.041,-0.095,-0.066,-0.03,-0.09,-0.229,-0.142,-0.235,-0.111,-0.087,-0.248,-0.11,-0.181,0.094,-0.07,-0.143,-0.093,0.705,0.015,-0.007,-0.117,-0.117,0.067,-0.1,-0.083,-0.265,-0.034,0.032,-0.021,-0.182,0.067,-0.263,-0.437,-0.049,0.019,-0.133,-0.17,-0.105,-0.136,-0.005,-0.052,-0.172,-0.171,-0.056,0.018,-0.308,-0.238,-0.475,-0.164,-0.273,-0.028,-0.066,0.305,-0.226,0.326,-0.108,0.101,0.07,-0.28,-0.19,-0.324,0.157,-0.133,-0.197,-0.194
0.146,-0.121,-0.729,-0.001,0.014,0.005,-0.417,-0.11,-0.176,0.033,-0.213,-0.026,-0.191,-0.184,-0.035,0.137,-0.075,-0.224,0.217,-0.031,-0.223,-0.128,0.195,0.079,-0.037,-0.37,-0.02,0.251,-0.236,-0.026,-0.136,-0.107,-0.043,0.214,-0.161,-0.002,-0.238,-0.467,-0.243,0.09,0.014,-0.118,-0.076,-0.096,-0.058,0.024,-0.151,-0.337,0.127,-0.14,-0.25,0.041,-0.607,0.018,-0.076,0.159,-0.187,0.159,0.1,0.155,-0.182,-0.129,-0.069,-0.248,-0.252,-0.233,0.148,-0.254,-0.241,0.936
-0.016,-0.032,0.16,0.419,0.01,-0.074,0.438,-0.079,-0.359,0.025,0.776,0.228,0.371,0.041,0.152,-0.278,0.328,-0.192,-0.371,0.229,-0.348,0.313,-0.85,0.236,0.21,0.086,0.055,-0.312,0.161,0.096,-0.073,0.307,0.042,0.023,-0.515,0.132,0.002,-0.592,-0.178,0.092,0.037,-0.019,0.031,0.011,-0.02,-0.127,0.228,-0.13,0.012,-0.254,0.26,0.051,0.044,-0.535,0.093,-0.366,0.369,0.198,-0.072,0.239,0.155,-0.205,-0.195,0.285,-0.025,0.316,-0.009,0.033,0.361,-0.188
-0.32,-0.05,-0.909,0.229,0.245,0.428,-0.049,-0.045,0.311,-0.221,-0.047,-0.211,-0.082,0.065,-0.321,0.243,-0.158,0.141,-0.009,-0.146,-0.083,0.046,0.766,-0.031,-0.35,-0.248,0.068,0.015,-0.079,-0.028,-0.248,0.045,-0.052,-0.057,0.087,0.176,-0.228,0.589,0.219,0.033,0.168,-0.055,-0.106,-0.187,0.006,0.057,-0.011,-0.33,-0.132,0.351,0.075,-0.159,-0.612,0.064,-0.127,-0.061,0.066,-0.364,-0.294,-0.256,-0.066,-0.243,-0.083,-0.331,-0.134,-0.314,0.029,0.039,0.049,-0.286
-0.449,0.008,-0.592,0.212,-0.052,0.275,-0.18,-0.082,0.042,-0.207,-0.261,-0.166,-0.224,-0.033,-0.003,0.159,-0.207,0.017,0.11,-0.151,-0.119,-0.084,0.206,-0.045,0.113,-0.192,0.086,0.099,-0.001,-0.079,-0.262,-0.096,-0.075,-0.052,0.308,-0.069,-0.175,-0.045,0.074,0.024,-0.128,-0.095,-0.177,-0.041,0.092,0.073,-0.02,-0.138,0.441,0.016,-0.319,-0.138,-0.326,0.187,-0.161,-0.012,-0.035,-0.248,-0.051,-0.216,-0.063,0.051,-0.022,-0.199,-0.08,-0.428,0.097,-0.304,-0.11,-0.241
-0.097,0.038,-0.559,-0.096,0.021,0.314,-0.217,-0.157,0.282,-0.292,-0.23,-0.31,-0.354,-0.103,-0.111,0.239,-0.433,0.206,-0.086,-0.16,0.087,-0.183,0.331,0.025,0.255,-0.173,0.151,0.221,-0.035,-0.152,-0.322,-0.242,-0.016,0.22,0.319,-0.103,-0.19,-0.209,0.21,0.111,-0.082,-0.157,-0.281,-0.106,0.008,-0.01,-0.133,-0.279,-0.098,0.222,-0.46,-0.144,-0.671,-0.174,-0.117,0.152,-0.066,-0.343,-0.108,-0.343,-0.144,-0.073,-0.034,-0.392,-0.232,-0.565,0.059,-0.307,0.053,-0.285
-0.336,0.044,0.033,-0.242,-0.093,-0.019,-0.461,-0.013,0.201,-0.111,0.115,-0.133,-0.237,-0.104,-0.246,0.058,-0.158,-0.072,-0.096,-0.049,0.124,-0.093,-0.052,-0.044,0.22,-0.096,0.046,0.133,-0.055,-0.157,-0.111,-0.118,-0.091,-0.032,0.265,-0.079,-0.231,0.22,-0.052,0.112,-0.066,-0.094,-0.224,0.021,0.084,-0.071,-0.003,-0.079,-0.082,0.176,-0.303,-0.106,-0.429,-0.161,-0.148,0.162,-0.035,-0.146,0.142,-0.097,-0.125,0.061,0.003,-0.235,-0.2,-0.359,0.254,-0.306,0.359,-0.131
-0.049,-0.16,-0.89,0.1,-0.08,0.234,-0.299,-0.103,0.02,0.007,-0.231,-0.06,-0.221,0.007,-0.266,0.311,-0.133,0.06,0.196,-0.1,-0.015,-0.176,0.197,-0.082,0.208,0.02,-0.042,0.3,-0.181,-0.176,-0.225,-0.215,0.24,0.021,0.25,-0.011,-0.244,-0.547,0.089,0.147,-0.07,-0.082,-0.211,-0.184,0.078,0.038,-0.233,-0.324,0.204,-0.011,-0.401,-0.124,-0.544,0.669,-0.079,0.074,-0.008,-0.177,-0.156,-0.157,-0.1,-0.07,-0.247,-0.254,-0.237,-0.308,0.059,-0.259,0.048,-0.344
0.278,-0.162,-0.181,0.156,0.204,-0.106,-0.267,-0.146,-0.017,-0.012,-0.064,0.091,0.332,0.374,-0.003,-0.011,0.087,0.273,-0.238,0.061,-0.397,0.198,0.137,-0.07,-0.017,-0.277,0.039,-0.315,-0.198,0.123,-0.311,0.216,-0.137,-0.251,-0.146,0.23,-0.428,0.715,-0.156,0.133,0.149,0.392,0.042,-0.281,0.081,0.012,-0.252,-0.123,-0.045,-0.012,0.149,0.02,-0.466,0.006,-0.005,-0.279,0.006,-0.341,-0.223,-0.263,-0.068,-0.225,0.011,0.135,-0.045,0.076,-0.073,0.602,0.307,-0.195
-0.634,-0.107,-0.538,0.28,0.14,-0.098,-0.459,-0.226,-0.169,0.104,-0.1,-0.007,0.168,-0.089,-0.09,-0.073,-0.042,0.017,0.028,0.016,-0.037,0.157,0.477,0.068,-0.085,-0.453,0.038,0.003,0.05,0.012,-0.285,0.144,-0.046,0.001,0.132,0.059,-0.156,-0.561,-0.002,0.127,0.138,0.303,0.117,-0.066,-0.085,0.101,0.118,-0.524,-0.076,-0.131,0.36,0.173,0.02,-0.049,0.097,0.062,0.069,-0.473,-0.104,-0.337,-0.189,-0.109,0.039,0.262,0.159,-0.019,-0.037,0.051,-0.068,-0.28
0.001,-0.012,-0.16,0.09,0.057,0.286,-0.354,-0.138,0.078,-0.151,-0.138,-0.35,-0.223,-0.215,0.001,-0.229,-0.27,0.363,0.131,-0.123,-0.197,-0.216,0.202,-0.05,0.326,-0.092,-0.192,0.004,-0.151,-0.235,-0.275,-0.195,-0.316,-0.064,0.275,-0.425,-0.269,0.588,0.312,-0.194,-0.148,-0.152,-0.145,0.038,0.092,0.062,0.131,-0.354,-0.031,0.201,-0.284,-0.151,-0.321,-0.329,-0.09,0.073,0.051,-0.324,0.113,-0.223,-0.173,-0.07,-0.138,-0.122,-0.028,-0.366,0.171,-0.472,-0.219,-0.196
0.027,0.048,-0.567,-0.125,-0.037,-0.215,0.19,-0.216,-0.063,0.098,0.08,-0.103,0.181,-0.172,-0.002,-0.309,0.037,0.103,0.196,0.048,-0.5,-0.014,-0.982,-0.184,-0.124,-0.198,-0.093,-0.208,0.232,0.28,-0.061,0.041,-0.14,0.19,-0.545,0.136,-0.233,-0.725,-0.029,0.289,-0.077,-0.276,0.073,-0.047,0.01,0.139,-0.099,-0.287,-0.157,-0.024,0.142,-0.013,-0.216,-0.059,0.029,0.186,-0.07,-0.433,0.051,-0.229,-0.11,-0.041,-0.091,0.021,-0.311,-0.114,-0.236,0.118,-0.328,-0.319
-0.06,-0.001,-0.049,0.212,-0.155,0.147,-0.42,-0.104,-0.028,-0.225,0.16,-0.443,-0.629,-0.207,-0.076,0.179,-0.342,-0.103,0.15,-0.154,-0.106,-0.277,0.135,-0.006,0.058,-0.248,-0.272,0.185,-0.223,-0.345,-0.115,-0.24,-0.012,-0.094,0.138,-0.256,-0.079,0.994,0.104,-0.107,-0.199,-0.194,-0.313,0.271,0.363,-0.121,-0.032,-0.098,0.152,0.006,-0.509,-0.152,-0.559,-0.392,-0.183,0.269,-0.057,-0.52,0.078,-0.336,-0.099,-0.287,0.072,-0.341,-0.214,-0.848,0.256,-0.651,-0.112,-0.109
-0.26,-0.039,-0.098,0.228,-0.011,0.029,-0.158,0.16,-0.102,0.013,0.063,-0.024,-0.026,-0.027,-0.195,-0.176,0.167,-0.195,0.027,0.14,0.113,-0.078,-0.527,-0.048,-0.175,-0.554,-0.122,-0.129,0.063,0.148,0.13,-0.052,-0.094,-0.112,-0.044,0.022,-0.149,-0.649,-0.201,0.053,0.039,-0.04,0.221,0.057,0.022,-0.023,-0.038,-0.065,0.264,-0.05,-0.03,0.108,-0.195,0.377,-0.115,-0.095,-0.028,-0.239,0.024,-0.148,-0.044,-0.029,-0.296,0.126,-0.124,-0.214,-0.03,0.031,-0.035,-0.124
-0.763,-0.047,-0.47,-0.097,0.019,0.04,-0.167,-0.159,0.007,0.042,-0.094,-0.364,-0.213,-0.236,-0.247,-0.03,-0.337,-0.059,0.16,-0.173,0.445,-0.002,0.136,-0.093,-0.27,-0.115,-0.071,0.083,-0.27,-0.189,-0.065,-0.091,0.209,0.019,-0.101,0.034,-0.155,-0.373,0.255,0.134,-0.013,-0.044,-0.212,-0.161,-0.004,0.038,0.088,0.323,-0.321,0.039,-0.256,-0.016,-0.554,-0.285,-0.064,0.047,-0.115,-0.375,-0.288,-0.255,-0.089,-0.223,-0.022,-0.228,0.136,-0.386,0.167,-0.073,0.088,-0.388
0.136,0.063,-0.054,0.107,0.137,0.35,-0.006,-0.05,-0.084,-0.098,-0.419,0.043,-0.072,-0.054,-0.189,0.188,-0.095,0.009,0.156,-0.074,-0.063,-0.029,-0.281,-0.094,-0.12,0.178,0.018,0.058,-0.091,-0.106,-0.276,0.092,-0.217,-0.052,-0.391,-0.077,-0.143,0.205,-0.064,-0.044,-0.095,-0.049,-0.002,-0.11,0.26,0.21,0.024,-0.204,-0.018,-0.104,-0.175,0.039,-0.053,0.2,-0.08,0.021,0.021,-0.448,-0.139,-0.289,0.105,-0.207,0.234,-0.011,-0.175,-0.149,-0.156,-0.18,0.395,0.033
-0.345,-0.074,-0.653,0.166,0.09,0.321,-0.23,0.047,0.165,-0.281,-0.253,-0.333,-0.459,0.045,-0.042,0.237,-0.347,-0.039,-0.06,-0.176,0.085,-0.02,-0.197,-0.116,0.013,-0.148,0.173,-0.176,-0.024,-0.225,-0.152,-0.178,-0.072,-0.024,0.373,-0.077,-0.264,-0.492,-0.122,0.071,-0.08,-0.14,-0.26,-0.065,0.236,-0.055,0.043,-0.393,-0.199,0.175,-0.305,-0.036,-0.542,-0.113,-0.04,0.211,0.007,-0.357,-0.064,-0.264,-0.145,-0.094,0.012,-0.485,-0.103,-0.58,0.022,-0.395,0.044,-0.218
-0.333,-0.183,-0.834,-0.201,0.402,-0.298,0.01,-0.134,0.263,-0.001,0.208,0.281,0.206,0.104,-0.442,-0.366,-0.034,0.091,-0.023,0.011,-0.335,0.033,0.338,-0.289,0.045,0.234,-0.001,-0.01,-0.248,0.029,-0.15,0.103,-0.076,0.019,-0.213,0.348,-0.381,-0.598,0.018,0.113,0.131,0.019,-0.031,-0.238,-0.028,0.2,0.087,-0.425,-0.303,0.271,-0.042,-0.051,-0.552,0.138,-0.118,-0.077,0.09,-0.64,-0.129,-0.455,0.483,-0.455,-0.081,0.095,-0.026,-0.008,-0.134,0.241,0.383,-0.233
0.187,0.234,-0.524,-0.178,-0.085,-0.161,0.169,0.576,0.333,0.067,-0.038,0.176,0.003,-0.214,-0.1,-0.328,0.075,-0.054,-0.396,0.034,-0.273,-0.046,-0.348,0.153,-0.01,0.079,-0.117,0.167,-0.043,-0.192,0.17,0.038,-0.238,0.038,-0.48,-0.156,0.448,-0.71,0.302,-0.06,-0.159,-0.045,-0.143,0.038,0.012,-0.254,0.066,-0.407,-0.146,0.139,0.15,0.144,-0.528,-0.239,0.109,0.295,0.178,0.269,0.112,0.26,-0.039,-0.346,0.298,0.024,0.219,-0.229,-0.193,0.14,-0.052,-0.239
-0.463,0.072,-0.399,0.038,-0.041,0.003,-0.273,-0.114,0.096,0.04,-0.152,0.001,-0.007,0.023,-0.211,0.171,0.008,-0.003,0.15,-0.061,0,-0.192,-0.374,-0.058,0.085,-0.156,-0.108,-0.041,-0.211,0.053,-0.062,0.015,0.199,0.036,-0.337,-0.171,-0.275,0.299,-0.058,0.016,-0.141,-0.185,-0.097,0.046,0.072,-0.145,-0.08,0.129,-0.203,0.105,-0.336,-0.07,-0.253,-0.206,-0.136,0.067,-0.101,-0.04,0.036,-0.038,0.059,-0.02,-0.154,-0.118,-0.107,-0.274,-0.153,-0.078,-0.014,-0.135
0.452,-0.021,-0.145,-0.066,0.434,-0.277,-0.26,-0.057,0.537,-0.026,0.3,0.276,0.657,0.06,0.171,-0.24,0.274,-0.05,0.175,0.114,-0.523,0.304,-0.923,-0.128,-0.042,-0.233,0.037,-0.36,0.016,0.4,0.078,0.328,-0.324,-0.168,-0.104,-0.084,-0.438,-0.719,-0.344,-0.084,-0.174,0.443,0.3,-0.089,0.053,0.192,-0.071,-0.129,-0.006,0.528,0.505,0.165,0.04,-0.036,0.221,-0.348,-0.152,-0.415,-0.031,-0.261,0.193,0.013,0.213,0.445,0.277,0.355,-0.182,0.726,-0.162,-0.015
0.052,0.252,-0.302,-0.031,-0.066,-0.007,0.592,0.026,0.048,-0.037,-0.163,-0.064,-0.373,0.069,-0.251,0.107,-0.217,-0.103,-0.043,-0.093,0.216,0.042,-0.059,-0.057,-0.204,0.819,-0.188,0.203,-0.199,-0.204,-0.164,-0.167,-0.299,-0.092,-0.222,-0.364,-0.115,-0.136,-0.004,-0.365,-0.232,-0.109,-0.191,-0.047,-0.01,-0.137,0.269,-0.297,-0.017,0.051,-0.027,-0.134,-0.221,-0.22,-0.24,0.057,-0.107,0.314,0.092,0.279,-0.164,-0.191,-0.138,-0.188,-0.024,-0.397,-0.271,-0.455,-0.401,-0.066
-0.232,0.046,0.097,0.158,-0.064,0.178,-0.209,-0.106,0.163,-0.055,0.403,-0.057,-0.365,0.063,-0.206,0.187,-0.204,-0.065,0.08,-0.142,0.254,-0.229,0.31,-0.176,-0.13,0.182,-0.154,0.286,-0.213,-0.113,-0.271,0.065,-0.182,-0.021,0.033,-0.299,-0.032,0.001,0.289,-0.103,-0.307,-0.202,-0.237,0.073,0.19,-0.074,-0.011,-0.181,0.066,0.107,-0.301,-0.108,-0.376,0.058,-0.146,-0.021,0.056,-0.038,-0.098,-0.026,-0.125,-0.311,-0.156,-0.386,-0.114,-0.459,0.098,-0.41,0.069,-0.017
-0.33,0.138,-0.293,-0.061,0.102,0.12,0.151,0.074,-0.098,-0.02,0.483,0.086,0.02,-0.029,0.213,-0.082,0.196,0.104,0.23,0.009,-0.12,-0.135,0.31,0.192,-0.14,0.251,-0.208,0.115,0.26,0.093,-0.19,0.05,-0.005,0.022,0.067,-0.477,-0.009,-0.594,-0.091,-0.11,-0.356,0.006,-0.043,0.172,0.041,-0.127,-0.094,-0.25,-0.151,-0.027,-0.142,-0.146,-0.275,-0.165,-0.19,0.207,0.03,0.283,0.059,0.241,-0.058,0.073,0.254,0.052,0.061,0.03,-0.151,0.181,-0.175,-0.214
-0.013,-0.169,0.197,0.116,0.431,0.154,-0.057,-0.136,0.017,-0.118,0.144,0.072,0.034,0.264,-0.232,0.33,-0.113,0.008,-0.006,-0.075,-0.162,0.111,0.327,-0.099,-0.058,-0.124,0.129,-0.14,0.301,-0.146,-0.189,0.036,-0.165,-0.104,0.484,0.062,-0.277,0.426,-0.161,-0.037,-0.026,0.336,0.145,-0.204,0.003,0.067,-0.115,-0.176,0.088,0.055,0.194,0.01,-0.328,0.297,0.012,-0.326,0.031,-0.503,-0.148,-0.386,-0.168,-0.155,-0.101,-0.033,-0.106,-0.072,-0.027,0.18,0.353,-0.02
-0.073,-0.112,-0.511,-0.296,0.067,-0.665,-0.24,-0.143,-0.129,0.11,-0.29,0.105,0.305,0.352,-0.13,-0.394,0.091,-0.209,-0.116,0.075,-0.321,-0.111,0.22,0.378,0.171,0.289,-0.466,0.363,-0.12,-0.067,0.014,0.117,-0.332,0.289,-0.668,-0.264,-0.129,-0.724,-0.027,0.021,0.301,0.309,0.03,0.12,0.419,0.336,-0.375,0.371,-0.299,-0.159,-0.182,-0.154,-0.544,0.308,-0.156,0.023,-0.131,0.482,-0.129,0.402,-0.008,-0.134,0.006,0.134,0.162,0.147,0.023,0.167,-0.375,-0.175
-0.022,0.125,-0.126,0.382,0.042,0.099,0.233,-0.276,0.075,-0.227,0.151,-0.5,-0.317,-0.148,-0.237,0.527,-0.206,0.159,0.121,-0.231,0.346,-0.277,0.042,0.092,0.143,-0.004,-0.028,0.007,0.092,-0.115,-0.185,-0.193,-0.099,-0.14,0.24,-0.191,0.079,0.13,0.185,-0.088,-0.019,-0.207,-0.067,0.09,0.154,-0.096,-0.055,-0.332,0.173,0.171,-0.281,-0.251,-0.557,0.188,-0.094,0.064,0.144,-0.022,0.094,-0.053,-0.103,0.002,0.148,-0.363,-0.186,-0.504,0.056,-0.387,0.348,0.019
-0.227,0.006,-0.126,0.375,0.099,0.29,-0.21,-0.184,-0.031,-0.111,0.039,-0.07,-0.208,-0.127,0.135,0.165,-0.016,0.238,0.166,-0.032,-0.034,-0.048,0.23,0.027,0.221,0.109,-0.085,-0.18,0.038,0.039,-0.192,-0.118,0.022,-0.022,0.074,-0.064,0.102,-0.382,-0.157,-0.298,-0.16,-0.183,-0.108,-0.034,0.066,0.117,-0.028,-0.178,-0.017,0.235,-0.206,-0.032,-0.6,-0.267,-0.108,0.169,0.116,0.446,-0.132,0.404,-0.239,0.02,0.044,-0.226,-0.292,-0.493,-0.059,-0.213,-0.021,-0.104
-0.495,0.017,0.703,-0.002,0.046,0.059,-0.543,-0.201,-0.073,-0.012,-0.324,-0.1,-0.025,0.116,-0.094,-0.353,-0.058,0.291,0.109,-0.069,0.123,-0.219,0.937,0.388,0.072,0.095,-0.049,0.106,-0.158,-0.112,-0.107,0.088,-0.227,0.105,0.144,-0.075,-0.278,0.513,0.076,-0.052,-0.07,-0.109,-0.07,0.032,0.348,-0.233,0.019,-0.368,-0.284,0.055,-0.274,-0.14,-0.474,-0.134,-0.289,0.134,0.224,-0.574,0.059,-0.335,-0.216,-0.367,0.368,-0.167,-0.146,-0.275,-0.213,-0.204,-0.149,0.059
-0.52,0.185,-0.308,-0.057,-0.24,0.281,-0.034,-0.19,-0.019,0.142,-0.402,0.193,0.025,-0.098,-0.015,0.049,0.025,0.056,0.258,-0.026,0.11,-0.257,0.44,-0.017,0.243,-0.056,-0.265,0.104,-0.196,-0.113,-0.085,0.013,0.048,-0.191,0.008,-0.273,-0.539,-0.696,0.331,-0.065,-0.398,-0.503,-0.165,-0.002,0.199,-0.29,-0.072,-0.532,-0.089,-0.015,-0.262,0.032,-0.151,0.227,0.004,0.174,0.134,-0.486,-0.046,-0.372,-0.126,-0.066,0.448,0.156,-0.363,-0.224,0.016,-0.198,-0.324,-0.296
0.082,0.095,-0.25,0.025,-0.065,-0.505,0.39,0.119,-0.556,0.088,-0.205,0.162,-0.495,0.282,0.466,0.482,0.21,-0.137,0.107,0.084,-0.152,-0.091,-0.855,0.066,0.294,0.174,0.013,-0.282,0.498,-0.032,0.048,0.004,-0.058,0.167,-0.113,0.024,0.494,-0.593,-0.233,-0.01,-0.038,-0.175,0.234,0.508,-0.058,-0.08,0.153,0.298,0.036,-0.423,0.104,0.024,0.425,-0.089,-0.001,0.1,0.151,-0.133,0.187,-0.005,-0.067,0.325,0.238,0.298,-0.129,0.362,-0.073,-0.02,-0.042,0.109
-0.443,0.058,-0.471,0.092,0.194,0.095,-0.047,-0.037,0.021,0.17,-0.223,-0.026,0.214,-0.012,-0.098,0.115,-0.066,-0.006,0.023,-0.033,0.075,0.194,-0.611,-0.003,-0.129,-0.092,0.018,-0.094,0.005,0.066,-0.05,0.142,0.061,0.202,-0.074,-0.02,-0.147,-0.447,-0.033,0.125,-0.157,0.073,0.025,-0.131,0.002,0,0.036,-0.412,0.029,0.158,0.08,0.019,-0.127,-0.01,0.088,-0.004,-0.049,0.071,-0.085,0.043,-0.173,-0.008,0.048,0.079,0.398,-0.009,-0.128,0.06,-0.192,-0.269
-0.571,0.077,-0.512,0.074,0.021,-0.072,-0.067,-0.255,-0.025,-0.028,0.081,0.015,-0.139,-0.096,-0.135,-0.126,-0.026,0.169,0.255,0.04,0,-0.181,0.461,0.057,-0.153,-0.213,-0.211,0.065,-0.134,-0.01,-0.113,-0.035,-0.153,-0.16,0.19,-0.125,-0.277,-0.407,0.319,-0.067,-0.003,0.009,-0.061,-0.137,-0.003,-0.057,0.02,-0.373,-0.117,-0.002,-0.181,-0.05,-0.196,0.417,0.049,0.198,0.023,-0.42,-0.044,-0.358,-0.171,-0.244,-0.056,-0.098,-0.114,-0.177,-0.206,0.003,0.101,-0.229
0.383,0.062,-0.476,-0.313,0.257,-0.467,0.016,0.379,-0.034,0.482,-0.408,0.316,0.129,0.093,0.539,-0.511,0.34,-0.326,-0.122,0.217,-0.294,0.097,-1.107,-0.095,-0.407,0.057,0.071,-0.154,-0.193,0.556,0.224,0.498,-0.127,-0.213,-0.676,0.041,-0.009,-0.707,0.063,0.105,0.092,0.184,0.274,0.094,-0.257,-0.103,0.099,0.586,-0.237,-0.373,0.437,0.135,0.743,-0.099,0.489,-0.014,-0.104,-0.674,0.298,-0.502,0.039,-0.238,-0.401,0.223,0.299,0.203,0.003,0.09,-0.455,-0.11
0.399,-0.101,-0.363,0.044,-0.101,0.128,-0.075,0.133,-0.036,0.138,-0.455,0.028,0.054,-0.388,0.051,0.128,-0.021,0.008,-0.013,0,-0.024,0.008,0.177,0.073,0.061,-0.111,-0.101,-0.015,0.081,0.057,0.05,0.009,-0.311,0.106,0.078,-0.056,-0.12,-0.404,-0.141,0.203,0.092,-0.13,-0.166,0.055,-0.337,0.115,0.144,-0.198,-0.132,0.32,-0.056,0.217,-0.591,0.101,0.079,-0.188,0.076,0.072,0.025,0.172,-0.029,0.101,0.202,0.073,-0.019,0.252,-0.014,-0.173,0.305,-0.316
-0.403,0.186,-0.255,0.138,-0.077,-0.006,-0.002,-0.146,-0.433,-0.075,-0.05,-0.215,-0.331,-0.124,-0.107,0.209,-0.194,0.166,0.181,-0.068,0.267,-0.088,-0.124,-0.029,-0.291,0.234,-0.154,-0.01,0.083,0.01,-0.122,-0.189,-0.25,0.048,0.219,-0.101,-0.314,0.082,0.238,-0.187,-0.167,-0.037,0.028,-0.095,0.219,-0.273,-0.01,0.085,-0.103,0.015,-0.079,0.015,-0.613,0.161,0.009,-0.228,-0.055,-0.409,-0.12,-0.385,-0.193,-0.19,0.072,-0.267,0.002,-0.041,-0.241,-0.229,-0.006,-0.128
-0.121,0.178,-0.178,0.466,-0.054,0.109,-0.362,-0.081,-0.073,-0.137,0.44,-0.172,-0.274,-0.133,-0.171,0.34,-0.062,-0.027,0.227,-0.035,0.199,-0.197,-0.143,0.002,-0.008,-0.352,-0.236,0.072,0.083,-0.063,-0.096,-0.222,-0.269,-0.029,0.215,-0.288,-0.115,-0.644,0.113,-0.034,-0.14,-0.124,-0.123,0.066,0.11,-0.196,-0.111,-0.335,0.084,0.222,-0.373,-0.053,-0.681,0.417,-0.132,0.143,0.145,-0.343,-0.282,-0.26,-0.124,-0.099,-0.154,-0.211,-0.232,-0.205,0.05,-0.242,0.185,-0.255
0.412,0.087,-0.762,-0.053,0.372,-0.052,0.359,-0.151,0.259,-0.164,0.176,0.387,0.15,0.276,-0.313,-0.296,0.229,0.104,-0.14,0.129,0.043,0.484,0.359,-0.025,0.051,0.189,-0.224,-0.062,0.246,0.044,-0.152,0.198,-0.152,-0.136,-0.079,0.061,-0.266,-0.668,0.154,-0.098,0.081,0.25,0.158,-0.215,-0.185,-0.038,0.104,0.287,-0.325,-0.055,0.374,0.054,-0.839,-0.245,-0.054,-0.041,0.007,-0.461,-0.133,-0.45,-0.095,-0.248,0.035,0.162,-0.067,0.164,-0.309,0.61,-0.086,0.152
-0.384,0.036,-0.337,0.162,-0.106,0.226,-0.307,0.115,0.005,-0.428,-0.336,-0.477,-0.666,0.058,-0.16,0.262,-0.493,0.195,0.111,-0.124,0.22,-0.171,0.116,0.071,-0.086,-0.161,-0.174,0.091,-0.047,-0.3,-0.092,-0.347,-0.267,0.104,-0.235,-0.373,-0.133,-0.158,0.16,-0.215,-0.176,-0.092,-0.425,0.104,0.12,-0.251,0.055,-0.455,-0.206,0.028,-0.527,-0.081,-0.7,0.156,-0.224,-0.144,-0.113,-0.174,-0.16,-0.241,-0.173,-0.14,-0.146,-0.622,-0.22,-0.656,-0.219,-0.63,-0.032,-0.347
0.398,-0.185,0.086,-0.029,0.001,-0.03,0.356,-0.336,0.3,-0.1,-0.03,0.064,0.205,0.003,0.283,-0.165,0.026,-0.137,0.153,0.051,0.257,-0.149,-1.022,0.012,0.033,0.436,-0.102,0.158,-0.093,-0.057,0.021,-0.003,0.032,0.16,-0.596,-0.003,0.418,-0.334,-0.163,-0.193,-0.09,-0.302,-0.138,0.215,-0.182,0.006,-0.019,-0.468,0.012,-0.286,-0.224,-0.161,-0.828,-0.197,-0.014,0.215,0.026,-0.128,-0.004,-0.099,0.282,0.145,0.212,0.191,0.047,-0.281,-0.319,0.054,0.211,0.019
-0.098,0.197,-0.093,-0.142,-0.049,0.065,-0.228,-0.351,0.052,-0.345,-0.492,-0.307,-0.097,-0.024,-0.001,0.369,-0.318,0.371,0.067,-0.25,0.11,-0.228,0.335,0.14,0.092,0.194,-0.054,0.144,-0.003,-0.152,-0.185,-0.166,-0.104,-0.104,0.005,-0.309,0.483,-0.563,0.228,-0.291,-0.149,-0.159,-0.275,-0.092,0.009,-0.318,-0.07,-0.583,-0.105,0.045,-0.205,-0.231,-0.736,-0.335,-0.131,0.163,-0.152,1.059,-0.031,1.08,-0.329,-0.003,0.178,-0.453,-0.285,-0.265,-0.237,-0.335,-0.603,-0.116
0.203,0.105,-0.782,0.176,0.334,0.115,-0.224,0.035,-0.037,-0.051,0.742,0.037,0.161,-0.05,-0.187,0.107,0.119,0.138,0.115,-0.002,-0.057,0.134,-0.372,-0.054,-0.277,-0.085,-0.144,-0.132,0.445,-0.057,-0.272,0.258,-0.204,-0.211,-0.409,0.081,-0.299,-0.394,0.054,0.082,0.013,0.122,0.153,-0.287,-0.171,-0.225,-0.154,0.415,0.096,0.079,0.366,0.006,-0.093,-0.124,-0.2,-0.079,-0.068,0.639,-0.127,0.606,-0.16,-0.285,-0.161,0.217,0.017,-0.112,0.125,0.431,0.065,-0.194
0.078,-0.215,-0.299,0.08,0.314,-0.3,-0.585,0.309,0.06,0.136,0.53,-0.132,-0.037,-0.201,0.319,0.116,-0.06,-0.256,0.115,0.039,-0.114,0.125,-0.223,-0.023,-0.047,0.407,0.113,-0.096,0.424,0.341,0.336,0.103,-0.211,0.214,0.641,0.078,0.742,-0.19,0.379,0.127,0.042,0.347,0.252,-0.027,0.082,-0.139,0.051,0.051,0.122,0.085,-0.019,0.427,0.358,0.232,0.369,-0.149,0.108,-0.178,-0.142,-0.19,-0.318,-0.277,-0.161,-0.137,-0.032,0.107,-0.002,0.512,0.191,-0.268
0.273,0.074,0.269,0.266,-0.06,0.221,-0.36,0.178,0.1,-0.189,0.397,-0.174,-0.466,-0.078,-0.047,0.432,-0.116,-0.06,0.367,-0.083,0.086,-0.144,-0.519,0.012,0.192,-0.286,-0.156,0.002,-0.052,-0.08,-0.195,-0.128,0.13,-0.15,0.039,-0.3,-0.102,-0.109,0.071,-0.041,-0.181,0.085,-0.292,0.267,0.007,-0.209,-0.173,-0.095,0.11,-0.055,-0.013,-0.071,-0.185,0.663,0.06,0.073,0.101,-0.058,-0.136,-0.027,-0.316,-0.016,-0.211,-0.052,-0.142,-0.236,0.096,-0.216,0.452,0.151
0.582,0.226,-0.551,-0.472,0.107,-0.145,-0.36,-0.322,0.356,0.315,0.123,0.382,0.438,-0.478,-0.122,-0.278,0.312,-0.081,-0.012,0.345,0.259,0.424,-0.186,-0.061,0.197,0.072,-0.013,0.047,-0.349,0.249,0.054,0.247,0.102,-0.117,0.046,-0.065,0.609,0.589,0.139,0.017,0.045,0.413,0.135,0.017,-0.37,0.272,0.19,-0.125,0.001,0.36,0.452,-0.113,-1.011,-0.528,0.158,-0.228,-0.25,-0.281,-0.154,-0.274,0.503,-0.153,-0.311,0.608,0.595,0.474,-0.056,0.101,0.121,-0.281
-0.37,-0.173,-0.772,-0.026,0.09,0.19,-0.28,-0.359,0.118,-0.319,-0.293,-0.26,-0.397,-0.082,-0.266,0.313,-0.281,0.043,0.126,0.04,0.117,-0.064,-0.489,-0.055,0.188,-0.079,-0.003,0.073,0.112,-0.122,-0.325,-0.168,-0.372,-0.13,0.411,-0.095,-0.233,0.115,0.116,-0.214,-0.103,0.119,-0.415,-0.134,-0.028,-0.059,-0.091,-0.247,0.338,0.15,-0.444,-0.192,-0.628,0.729,-0.234,0.046,-0.023,-0.395,-0.155,-0.406,-0.241,0.218,0.091,-0.508,-0.231,-0.485,-0.15,-0.218,-0.503,-0.234
0.266,-0.067,-0.417,-0.178,-0.197,-0.647,0.043,0.073,-0.23,0.063,-0.008,-0.101,0.223,0.142,0.226,-0.431,0.451,-0.35,-0.173,0.205,-0.431,0.103,-0.921,0.15,-0.317,-0.198,0.048,-0.375,0.498,0.52,0.059,0.173,0.101,-0.033,-0.313,0.14,0.09,-0.503,-0.228,0.317,0.025,0.297,0.064,-0.144,-0.147,0.004,0.006,0.38,-0.351,-0.254,0.081,0.027,0.421,-0.41,0.109,-0.343,-0.082,-0.02,0.251,-0.009,-0.037,0.24,-0.393,-0.032,0.351,0.261,0.033,-0.018,-0.018,-0.402
-0.431,0.314,0.005,0.237,-0.04,0.235,0.266,0.668,0.035,-0.11,0.059,-0.082,-0.079,-0.086,-0.192,0.287,-0.185,0.078,-0.032,-0.031,-0.047,0.012,0.138,0.022,-0.234,-0.181,0.083,0.172,-0.11,-0.091,-0.082,-0.095,-0.218,0.025,0.361,-0.07,-0.271,-0.294,0.302,-0.231,-0.218,-0.084,-0.163,-0.27,0.285,-0.122,0.129,-0.387,0.02,0.228,-0.086,-0.075,-0.7,-0.245,0.118,0.054,-0.138,-0.382,-0.082,-0.473,-0.33,-0.209,-0.067,-0.136,-0.04,-0.464,-0.271,-0.178,-0.282,-0.416
0.216,-0.25,-0.046,0.014,0.199,-0.483,-0.354,0.109,-0.708,0.081,0.308,0.766,0.257,0.475,0.355,-0.49,0.609,-0.259,-0.107,0.523,0.135,0.345,-1.095,0.284,-0.152,-0.13,0.211,-0.443,0.263,0.29,0.355,0.323,0.016,-0.003,-0.586,0.27,0.364,-0.286,-0.311,0.266,-0.066,-0.041,0.4,0.088,-0.186,0.07,0.455,0.438,0.27,-0.681,0.473,0.302,0.647,-0.16,0.375,-0.287,0.448,-0.416,0.007,-0.361,0.745,0.168,-0.144,0.401,0.489,0.435,0.121,0.213,0.356,0.494
-1.083,0.424,-0.619,-0.197,0.195,-0.001,0.478,-0.341,0.09,0.205,0.072,0.243,0.424,-0.363,0.276,-0.472,0.217,-0.183,0.344,0.188,0.267,0.129,-0.112,0.037,-0.11,0.073,-0.07,-0.031,0.518,0.217,0.242,0.183,0.107,-0.264,0.522,-0.137,-0.006,0.629,0.01,0.112,-0.067,0.104,0.424,-0.209,0.135,0.101,0.088,0.026,-0.21,0.376,0.335,0.334,-0.672,-0.039,0.238,-0.314,-0.124,0.262,-0.055,0.321,-0.337,0.157,0.333,0.26,0.364,0.122,-0.501,0.18,0.019,-0.254
-0.118,-0.056,0.598,-0.072,0.066,-0.23,-0.337,-0.294,-0.021,-0.569,-0.171,-0.562,-0.685,-0.234,-0.424,-0.22,-0.548,0.223,0.282,-0.258,0.083,-0.101,0.154,0.229,-0.2,-0.617,0.055,0.166,-0.097,-0.05,-0.134,-0.424,-0.312,-0.093,0.054,-0.027,-0.321,0.341,0.649,0.001,-0.102,-0.048,-0.445,-0.265,-0.245,-0.149,-0.15,-0.346,-0.05,0.029,-0.343,-0.153,-1.053,-0.374,-0.233,0.059,0.023,-0.538,-0.076,-0.498,-0.419,-0.304,0.082,-0.649,-0.326,-0.805,-0.11,-0.502,-0.099,-0.369
-0.332,-0.166,-0.376,-0.199,0.228,-0.162,-0.423,-0.001,0.125,0.186,-0.267,0.188,0.121,0.001,0.032,-0.141,0.158,0.161,0.078,0.075,0.33,0.069,-0.283,0.052,0.008,0.1,-0.194,-0.012,-0.049,0.061,-0.17,0.136,0.047,0.193,0.39,-0.118,-0.272,-0.037,0.095,0.202,-0.033,-0.201,-0.092,-0.276,0.146,-0.056,0.004,-0.115,-0.191,0.236,-0.08,0.025,-0.064,-0.488,0.075,0.232,0.029,-0.467,-0.261,-0.429,0.079,-0.173,-0.142,0.085,0.226,0.062,0.15,0.175,-0.311,-0.312
0.103,-0.28,0.071,0.124,0.246,-0.215,0.12,0.185,-0.238,0.027,0.08,0.198,0.008,0.188,0.103,0.048,0.36,-0.18,0.013,0.177,-0.327,0.185,-0.95,0.151,-0.123,0.234,-0.04,-0.361,0.09,0.045,0.027,0.514,0.03,-0.198,-0.602,0.095,0.418,-0.471,-0.33,0.172,-0.174,-0.024,0.186,0.036,-0.165,-0.099,0.437,0.264,0.085,-0.14,0.207,-0.006,0.326,-0.344,0.227,-0.102,0.028,0.023,0.251,0.097,0.035,0.244,-0.16,0.035,0.227,0.473,0.121,-0.016,-0.016,-0.107
-0.762,-0.102,-0.419,-0.023,0.275,0.014,-0.142,-0.204,0.112,0.015,-0.148,0.026,0.087,-0.101,0.189,-0.249,0.054,0.037,0.056,-0.059,-0.098,0.098,0.277,0.348,-0.209,0.035,-0.169,0.139,0.054,0.126,-0.084,0.277,-0.239,0.413,-0.169,-0.171,-0.034,-0.248,0.209,-0.101,0.005,-0.077,0.323,-0.151,-0.046,-0.028,-0.014,-0.505,-0.079,0.087,-0.009,0.156,0.099,-0.095,0.154,0.476,-0.226,-0.164,-0.195,-0.155,-0.224,-0.196,0.311,0.257,0.156,0.289,-0.358,0.358,-0.195,-0.338
0.31,-0.372,0.179,-0.123,0.063,-0.429,-0.167,0.062,-0.285,-0.126,-0.186,0.427,-0.212,0.153,0.095,-0.203,0.439,-0.364,-0.004,0.369,-0.313,0.238,-1.265,-0.047,0.02,0.006,0.017,-0.336,0.084,-0.042,0.086,-0.071,0.234,0.137,-0.646,0.352,0.111,-0.722,-0.369,0.301,0.077,0.204,0.273,0.149,-0.164,0.053,0.386,-0.064,0.101,-0.173,-0.042,0.326,0.19,-0.199,0.345,-0.278,0.168,-0.13,0.114,-0.062,-0.076,0.457,-0.17,-0.202,0.031,0.091,0.168,-0.045,0.079,-0.232
-0.839,0.35,-0.432,-0.014,0.175,-0.008,0.258,0.395,0.263,-0.06,0.004,-0.029,0.506,-0.244,0.035,-0.162,-0.079,-0.142,-0.058,0.028,-0.368,0.307,-1.081,-0.115,-0.229,-0.223,0.187,-0.009,0.257,0.04,0.014,0.131,-0.211,-0.191,-0.289,0.198,-0.045,-0.74,-0.032,0.262,0.02,0.547,-0.007,-0.294,-0.247,0.318,0.102,-0.157,-0.116,0.241,0.329,0.061,-0.19,-0.003,0.179,-0.474,0.139,-0.616,-0.138,-0.565,0.749,-0.241,0.209,0.298,0.263,0.066,0.014,0.425,0.609,0.238
-0.082,-0.045,-0.585,-0.366,0.022,0.231,-0.574,0.215,0.133,-0.598,-0.379,-0.49,-0.587,-0.268,-0.072,-0.193,-0.55,0.095,0.001,-0.391,-0.16,0.085,-0.855,-0.206,0.183,-0.236,0.343,0.11,-0.215,-0.162,-0.22,-0.411,-0.014,-0.415,-0.17,-0.187,-0.511,-0.647,0.07,-0.098,-0.112,-0.061,-0.594,-0.3,-0.379,-0.166,0.341,-0.54,-0.262,0.12,-0.495,-0.161,-0.829,-0.485,-0.4,0.122,-0.006,-0.555,0.173,-0.398,-0.264,-0.302,-0.098,-0.345,-0.329,-0.743,0.117,-0.668,0.041,0.171
0.169,-0.285,-0.61,-0.236,0.325,-0.665,0.171,0.428,-0.124,0.165,0.091,0.278,0.176,0.117,0.207,-0.556,0.252,-0.367,-0.377,0.212,-0.44,0.464,-0.85,-0.019,-0.208,0.53,0.458,-0.304,0.351,0.113,0.2,0.449,0.089,0.326,-0.28,0.56,0.471,-0.622,-0.239,0.319,0.322,0.309,0.412,-0.289,-0.047,0.056,0.429,0.101,-0.184,-0.189,0.552,0.089,0.639,-0.185,0.295,-0.306,0.038,-0.267,-0.046,-0.314,-0.128,0.302,-0.364,0.273,0.173,0.391,0.28,0.166,0.285,-0.194
-0.223,0.059,0.042,0.113,0.102,0.307,-0.249,0.028,0.052,-0.252,-0.083,-0.229,-0.302,-0.016,-0.382,0.217,-0.303,-0.022,0.026,-0.164,0.035,-0.054,0.217,0.037,0.029,-0.2,0.087,0.113,-0.12,-0.262,-0.044,-0.159,-0.035,-0.053,0.422,0.075,-0.168,-0.173,0.354,0.168,-0.035,0.13,-0.235,-0.049,0.204,0.005,-0.093,0.028,0.099,0.246,-0.326,0.079,-0.456,0.473,-0.136,-0.041,-0.035,-0.458,-0.088,-0.331,-0.041,0.008,-0.11,-0.307,-0.117,-0.558,0.094,-0.487,0.186,-0.282
-0.31,0.033,-0.295,-0.115,0.056,0.053,0.349,-0.064,0.231,0.153,-0.101,0.094,0.152,-0.182,-0.011,-0.116,0.101,0.143,0.016,0.041,0.005,-0.047,0.29,-0.014,0.06,-0.219,0.055,-0.132,0.125,0.12,-0.151,0.06,-0.036,-0.091,0.181,-0.099,-0.244,-0.34,0.066,0.056,-0.062,0.006,0.114,0.026,-0.004,-0.015,-0.073,-0.126,-0.111,0.17,-0.133,0.002,-0.345,0.006,0.031,-0.014,-0.104,-0.131,0.038,-0.114,0.218,-0.089,-0.113,0.092,0.016,0.035,0.033,0.041,-0.021,-0.158
0.455,-0.065,-0.119,-0.066,0.184,-0.302,-0.4,0.337,-0.253,0.108,0.3,0.27,0.074,0.469,0.078,-0.308,0.127,-0.281,-0.168,0.079,-0.327,0.076,-1.073,0.348,0.094,-0.278,0.549,-0.309,0.158,-0.027,0.329,0.048,0.117,0.031,-0.191,0.275,0.538,-0.56,-0.195,0.222,0.232,0.101,0.204,0.241,-0.091,-0.012,0.366,-0.298,0.259,-0.121,-0.07,0.257,0.519,-0.207,0.192,-0.124,0.345,-0.208,0.117,-0.171,0.079,0.235,-0.41,0.107,0.04,0.052,0.108,-0.141,-0.01,-0.148
-0.291,0.191,0.258,-0.126,0.023,-0.117,-0.479,-0.235,0.053,-0.012,-0.118,0.31,0.096,-0.174,-0.031,-0.342,0.268,0.087,0.054,0.168,-0.04,0.037,-0.327,0.08,0.23,0.298,-0.358,0.155,0.186,0.099,-0.054,0.123,-0.056,0.041,0.252,-0.255,-0.219,-0.041,0.29,-0.033,-0.302,-0.186,0.152,0.024,-0.061,-0.013,0.189,-0.198,-0.139,0.062,-0.017,-0.007,-0.287,-0.024,0.018,-0.091,-0.056,-0.319,-0.191,-0.23,-0.162,-0.123,0.017,0.141,-0.089,0.137,-0.015,-0.104,0.136,-0.284
0.168,0.13,-0.55,-0.28,0.012,-0.419,-0.455,-0.156,0.182,0.319,-0.328,0.618,0.507,-0.157,0.011,-0.366,0.38,0.141,0.004,0.356,-0.092,0.16,-1.052,-0.158,-0.088,0.226,-0.128,-0.213,-0.248,0.201,-0.091,0.411,-0.087,0.141,0.008,0.107,-0.329,-0.385,0.304,-0.101,0.105,0.117,0.088,-0.267,-0.096,0.294,0.354,-0.618,-0.287,0.197,0.221,0.078,-0.01,-0.484,0.22,0.007,0.001,-0.551,-0.075,-0.34,0.407,-0.189,0.055,0.401,0.397,0.387,-0.059,0.184,0.156,0.05
0.211,0.098,-0.34,-0.305,-0.133,-0.145,-0.288,-0.126,-0.094,0.125,-0.13,-0.108,0.175,-0.221,0.276,-0.415,0.109,-0.185,-0.263,0.066,-0.055,-0.023,-0.995,-0.228,-0.431,-0.068,-0.11,0.82,0.173,0.543,0.195,0.018,0.117,0.44,-0.498,-0.163,-0.143,-0.563,-0.245,0.062,-0.19,-0.047,0.049,-0.058,-0.19,-0.151,0.002,0.061,-0.034,-0.152,0.094,0.263,-0.121,-0.373,-0.218,0.085,0.231,-0.277,0.22,-0.205,-0.173,0.003,-0.019,0.195,0.28,0.042,0.145,-0.168,-0.308,-0.135
-0.189,0.208,0.199,-0.28,0.019,-0.112,-0.124,-0.131,-0.209,-0.039,-0.343,-0.306,-0.035,-0.023,-0.144,-0.075,-0.214,0.509,-0.122,-0.054,0.264,-0.017,0.182,0.165,0.039,0.063,0.297,0.189,-0.282,-0.192,-0.084,-0.08,-0.073,0.309,0.453,0.098,-0.332,0.061,0.154,-0.012,0.273,0.322,-0.165,-0.074,0.023,0.163,-0.042,-0.278,-0.058,-0.059,0.045,-0.052,-0.674,-0.083,-0.055,0.034,-0.17,-0.511,-0.236,-0.418,-0.215,0.013,0.195,-0.15,0.066,-0.262,-0.006,0.137,-0.173,-0.109
-0.317,-0.016,-0.568,-0.055,-0.05,0.028,-0.544,-0.142,0.302,-0.029,-0.297,-0.067,-0.091,-0.149,-0.011,-0.07,0.042,-0.029,0.014,0.053,-0.155,-0.237,-0.346,-0.022,-0.036,-0.089,0.025,0.067,-0.136,-0.062,-0.094,-0.075,-0.002,-0.133,-0.022,-0.193,-0.229,0.782,0.11,0.027,-0.15,-0.153,-0.121,-0.021,0.174,-0.099,-0.046,-0.042,-0.007,0.228,-0.442,-0.147,-0.349,0.112,-0.109,0.024,-0.16,-0.182,-0.017,-0.09,-0.033,-0.01,-0.079,-0.136,-0.141,-0.311,0.166,-0.331,-0.388,-0.14
0.266,-0.329,-0.321,0.176,0.083,-0.053,-0.122,0.461,-0.272,-0.057,-0.082,-0.033,-0.193,0.101,0.166,0.081,0.041,-0.145,-0.126,0.035,-0.21,0.133,-1.055,0.078,-0.248,-0.067,0.165,-0.381,0.383,-0.096,0.025,0.131,0.097,-0.136,-0.199,0.413,0.007,-0.456,-0.445,0.153,0.228,0.11,0.237,-0.025,-0.144,0.092,0.145,0.025,-0.004,-0.202,0.229,0.104,-0.173,0.039,-0.006,-0.206,-0.022,-0.178,0.067,-0.155,0.344,0.06,-0.12,0.159,0.104,0,0.053,0.013,-0.273,-0.043
-0.094,-0.105,0.078,0.031,0.069,0.037,-0.326,-0.116,0.136,-0.307,-0.081,-0.176,-0.21,-0.039,-0.386,-0.256,-0.255,-0.068,0.062,-0.22,-0.085,-0.112,0.489,-0.069,-0.014,-0.305,-0.013,-0.039,-0.182,-0.145,-0.108,-0.2,0.271,-0.187,0.108,0.145,-0.206,-0.196,0.056,0.154,-0.008,-0.466,-0.232,-0.086,-0.02,0.071,-0.025,-0.302,-0.067,0.154,-0.392,-0.094,-0.856,-0.037,-0.19,-0.149,-0.001,-0.479,-0.114,-0.374,-0.09,-0.1,-0.113,-0.352,-0.227,-0.429,0.119,-0.326,0.495,-0.2
-0.401,-0.053,-0.398,-0.114,-0.085,-0.118,-0.312,-0.167,0.018,-0.007,0.245,-0.176,-0.248,-0.176,-0.206,-0.118,-0.099,-0.171,0.1,-0.034,-0.061,-0.208,-0.144,-0.044,-0.018,-0.307,-0.133,0.107,-0.292,-0.085,0.014,-0.128,0.022,0.127,-0.277,-0.07,0.103,-0.02,-0.083,0.162,0.057,-0.172,-0.235,-0.086,-0.094,-0.134,0.037,0.239,-0.079,0.066,-0.284,-0.123,-0.467,0.027,-0.152,0.041,-0.035,-0.25,0.029,-0.154,0.053,-0.142,0.095,-0.124,-0.205,-0.379,0.258,-0.287,-0.167,-0.229
-0.012,0.01,-0.28,0.209,-0.058,0.193,-0.168,-0.034,-0.099,-0.016,-0.137,-0.16,-0.198,-0.103,-0.07,0.608,-0.114,-0.062,0.145,-0.043,-0.005,-0.108,-0.16,0.036,-0.094,-0.122,0.012,-0.067,0.103,-0.136,-0.004,-0.117,-0.016,-0.027,-0.067,0.01,-0.101,-0.062,0.059,0.067,-0.057,-0.136,-0.051,0.035,-0.043,-0.06,-0.068,0.36,0.083,-0.071,-0.206,-0.023,-0.149,0.045,-0.039,-0.063,0.018,-0.146,0.033,-0.123,-0.091,-0.016,-0.016,-0.193,-0.09,-0.391,0.109,-0.235,0.027,-0.205
-0.351,0.052,-0.557,-0.087,-0.14,-0.057,-0.219,-0.024,0.131,0.042,-0.098,-0.214,-0.122,-0.116,-0.342,-0.194,-0.107,0.12,0.094,-0.072,0.339,-0.062,-0.188,-0.101,0.067,-0.011,-0.055,0.101,-0.084,-0.027,-0.073,-0.108,0.241,0.06,-0.153,0.066,-0.251,-0.08,-0.162,0.089,0.098,-0.23,-0.16,0.085,-0.034,0.013,-0.003,0.247,-0.147,0.106,-0.209,-0.138,-0.287,-0.13,-0.053,0.042,-0.138,-0.35,-0.07,-0.268,0.016,-0.004,0.053,-0.109,-0.038,-0.184,0.201,-0.101,-0.015,-0.168
-0.793,0.065,-0.715,-0.039,-0.108,-0.252,-0.457,0.157,0.118,0.247,-0.078,0.103,0.093,-0.118,-0.205,-0.28,-0.047,-0.086,0.171,-0.009,-0.218,-0.213,-0.659,0.024,-0.004,-0.115,-0.17,0.112,-0.248,-0.2,0.098,0.038,0.178,-0.001,0.096,-0.174,-0.172,0.012,-0.035,0.265,0.034,-0.218,-0.001,-0.126,0.035,0.008,0.06,0.378,-0.192,0.153,-0.188,0.065,-0.075,0.374,0.085,0.145,0.042,-0.559,0.083,-0.429,0.004,-0.288,0.049,0.155,-0.15,-0.163,0.296,-0.207,-0.133,-0.261
-0.673,-0.148,0.492,-0.203,0.029,-0.241,-0.264,-0.189,-0.213,-0.11,-0.213,-0.045,0.009,-0.039,-0.017,-0.538,-0.055,-0.155,0.053,-0.015,-0.313,0.022,-1.239,0.031,-0.162,-0.389,0.119,-0.2,0.064,-0.001,-0.215,0.533,-0.06,0.085,-0.553,-0.023,-0.042,-0.682,0.019,0.003,-0.077,-0.403,0,0.084,-0.045,0.207,0.088,-0.019,0.187,-0.132,-0.067,-0.124,0.221,0.139,0.078,-0.194,0.189,-0.327,0.033,-0.187,-0.124,0.746,0.318,-0.113,-0.221,-0.187,0.139,-0.252,0.847,-0.234
-0.658,-0.041,-0.318,0.062,0.182,0.212,0.03,-0.009,0.026,0.435,0.094,0.238,0.458,-0.06,-0.083,-0.181,0.26,-0.172,0.195,0.162,-0.213,0.135,-0.688,-0.065,0.12,-0.276,0.106,-0.161,-0.068,0.359,0.188,0.054,0.048,0.042,-0.226,0.116,-0.081,-0.563,0.318,0.152,0.086,-0.257,0.205,-0.074,-0.042,0.148,-0.025,-0.097,-0.063,0.068,0.294,0.178,0.28,-0.3,0.15,-0.041,0.162,-0.326,-0.15,-0.195,0.602,-0.108,-0.221,0.184,0.249,0.261,0.234,0.209,0.146,-0.295
-0.004,-0.06,-0.237,-0.132,-0.01,0.167,-0.011,0.012,0.061,-0.135,-0.164,-0.175,-0.163,-0.143,-0.176,-0.343,-0.122,0.205,0.152,-0.054,-0.191,-0.101,-0.095,-0.103,0.093,0.08,0.165,-0.07,-0.077,-0.051,-0.332,-0.065,-0.067,-0.029,-0.249,0.078,-0.047,-0.353,0.293,-0.221,-0.232,-0.125,-0.159,-0.03,-0.036,0.05,0.01,-0.104,-0.004,0.157,-0.202,-0.172,-0.668,-0.204,-0.096,-0.026,-0.18,-0.215,-0.017,-0.119,-0.19,-0.056,0.233,-0.051,-0.211,-0.429,0.075,-0.249,-0.157,-0.136
0.602,0.184,-0.183,0.063,-0.039,0.149,-0.283,-0.146,-0.151,0.091,-0.212,-0.073,0.083,0.067,-0.093,-0.127,-0.022,-0.047,0.07,0.015,0.297,0.081,0.223,0.009,-0.072,0.12,-0.153,-0.144,0.118,0.026,-0.023,-0.041,0.133,0.048,-0.28,0.062,-0.215,0.052,0.155,-0.032,0.086,-0.144,0.234,-0.058,-0.048,-0.028,-0.072,0.132,0.016,-0.052,0.078,0.005,-0.561,-0.207,-0.011,-0.107,0.035,0.11,-0.017,0.082,-0.098,-0.066,0.048,0.043,0.085,0.074,0.098,-0.057,-0.231,0.418
0.039,0.1,-0.163,0.202,0.041,-0.007,-0.387,-0.142,-0.014,0.104,0.452,-0.169,-0.007,-0.09,0.08,0.292,-0.025,0.173,0.311,0.028,-0.008,0.04,0.144,-0.027,0.103,0.328,0.032,-0.032,-0.176,0.166,-0.166,0.055,0.122,-0.064,-0.072,0.041,-0.115,0.263,0.015,0.036,-0.289,-0.209,-0.032,-0.082,0.046,-0.029,-0.101,-0.569,0.232,0.09,-0.119,0.002,-0.388,-0.219,-0.223,0.19,0.071,-0.156,-0.15,-0.077,-0.197,-0.18,0.168,-0.268,-0.153,-0.131,-0.002,-0.103,0.325,-0.167
0.073,0.024,0.042,0.413,0.098,0.237,-0.111,-0.076,0.082,-0.264,-0.257,-0.363,-0.355,-0.248,0.008,0.569,-0.131,-0.005,0.145,-0.175,0.388,0.007,0.21,0.06,-0.146,0.104,-0.323,-0.12,-0.113,-0.151,-0.283,0.059,0.114,-0.118,-0.163,-0.226,0.077,-0.409,0.04,-0.302,-0.383,-0.317,-0.307,-0.064,0.039,-0.316,-0.06,-0.386,0.027,0.148,-0.312,-0.246,-0.8,-0.279,-0.134,0.156,-0.074,-0.096,-0.201,-0.02,-0.152,-0.016,0.232,-0.478,-0.255,-0.399,-0.477,-0.223,-0.198,-0.079
-0.18,-0.018,-0.278,0.159,-0.009,0.125,-0.406,-0.068,0.171,-0.148,-0.108,-0.183,-0.35,-0.185,-0.153,0.268,-0.099,0.094,0.064,-0.081,-0.029,-0.127,0.479,-0.082,-0.161,0.008,-0.003,0.136,-0.038,0.168,-0.205,-0.156,0.144,-0.176,0.109,-0.02,-0.148,-0.769,0.065,0.071,-0.136,-0.293,-0.243,0.026,0.051,-0.107,-0.189,-0.34,-0.128,0.16,-0.347,-0.076,-0.519,0.454,-0.183,-0.019,-0.024,-0.224,-0.089,-0.158,-0.142,-0.038,-0.197,-0.54,-0.189,-0.625,-0.002,-0.329,0.031,-0.189
-0.353,-0.078,-0.699,0.048,0.054,0.038,-0.455,-0.2,0.134,-0.3,-0.232,-0.312,-0.503,-0.168,-0.204,0.033,-0.271,-0.025,-0.003,-0.082,-0.032,-0.155,-0.138,-0.101,0.018,-0.187,-0.005,0.142,-0.101,0.074,-0.121,-0.193,0.112,-0.107,0.146,-0.102,-0.189,-0.052,0.017,0.058,-0.081,-0.088,-0.328,-0.156,0.055,-0.12,-0.146,-0.041,-0.205,0.15,-0.401,-0.204,-0.648,0.073,-0.252,0.041,-0.183,-0.005,-0.202,-0.021,-0.1,0.075,-0.186,-0.614,-0.046,-0.507,0.02,-0.276,-0.182,-0.139
-0.417,-0.21,-0.535,0.134,0.137,-0.24,-0.291,-0.149,0.132,-0.256,0.056,-0.116,-0.401,-0.105,-0.123,0.255,-0.024,0.047,-0.135,-0.11,-0.116,-0.115,0.053,-0.1,0.251,-0.105,-0.01,0.016,-0.023,-0.023,-0.37,0.194,-0.111,0.007,0.091,0.018,-0.193,-0.26,0.021,-0.021,-0.169,-0.008,-0.173,-0.073,0.089,-0.251,-0.293,-0.099,-0.28,0.071,-0.351,-0.187,-0.655,-0.348,-0.324,-0.027,-0.173,0.135,-0.217,-0.017,-0.076,0.065,-0.177,-0.526,-0.065,-0.277,-0.125,-0.083,-0.258,-0.171
-0.232,0.01,-0.379,0.225,-0.05,-0.136,0.133,-0.193,-0.059,-0.249,0.246,-0.089,-0.207,0.151,-0.285,-0.089,0.052,0.035,-0.132,-0.002,0.241,-0.13,-0.115,0.016,-0.055,0.28,-0.223,-0.031,0.168,0.167,-0.144,0.038,0.124,-0.081,0.143,0.009,-0.236,-0.396,-0.025,-0.115,-0.048,0.076,-0.139,-0.044,0.054,-0.132,-0.215,-0.048,0.18,-0.055,-0.051,-0.154,-0.676,0.571,-0.142,-0.202,0.018,0.11,-0.277,0.115,-0.178,0.161,-0.089,-0.312,-0.036,-0.097,-0.015,0.241,0.068,-0.173
-0.02,-0.134,-0.514,0.17,-0.037,0.116,0.074,-0.33,0.11,-0.309,-0.378,-0.471,-0.411,-0.324,-0.016,-0.006,-0.375,-0.123,-0.144,-0.355,0.088,-0.224,0.563,-0.022,0.051,-0.036,-0.265,0.165,-0.159,-0.18,-0.199,-0.342,-0.11,-0.158,-0.254,-0.345,-0.42,-0.438,0.018,-0.288,-0.324,0.034,-0.459,0.068,-0.004,-0.179,-0.174,-0.503,-0.013,0.086,-0.318,-0.148,-0.494,0.461,-0.151,-0.131,-0.087,0.459,-0.26,0.397,-0.285,0.143,-0.148,-0.41,-0.323,-0.512,-0.195,-0.501,-0.577,-0.327
-0.163,-0.183,-0.68,0.021,-0.059,0.175,-0.077,-0.188,0.01,-0.276,0.022,-0.248,-0.443,0.025,-0.182,0.186,-0.327,-0.078,0.008,-0.239,-0.057,-0.199,0.259,-0.071,0.257,0.082,0.1,0.121,-0.172,-0.233,-0.254,-0.346,0.233,-0.211,0.243,0.064,-0.278,0.357,0.082,-0.016,-0.035,-0.136,-0.423,0.069,-0.035,-0.068,-0.197,-0.049,0.05,-0.009,-0.522,-0.229,-0.401,0.284,-0.234,-0.137,-0.029,-0.228,-0.063,-0.191,-0.199,0.329,-0.123,-0.489,-0.304,-0.599,0.144,-0.292,0.054,-0.346
-0.878,0.002,-0.296,0.015,0.382,-0.204,0.273,-0.062,0.068,0.169,0.096,0.185,-0.013,-0.349,-0.057,-0.34,0.677,-0.205,-0.128,0.479,0.198,0.217,0.417,-0.08,-0.412,-0.064,-0.337,-0.006,0.066,0.512,-0.152,0.584,0.255,-0.347,-0.372,-0.098,-0.409,-0.502,-0.009,0.01,-0.429,0.11,0.164,-0.483,0.04,-0.368,-0.163,-0.329,-0.151,0.105,0.214,-0.275,-0.6,-0.216,0.169,-0.553,-0.138,0.24,-0.19,0.234,-0.075,-0.271,0.296,0.029,0.205,0.211,-0.211,0.292,-0.026,0.782
-0.016,-0.181,-0.452,-0.155,-0.012,-0.311,0.242,-0.218,-0.028,-0.101,-0.275,0.174,0.017,-0.339,0.023,0.098,0.231,0.182,0.033,0.199,-0.069,-0.055,0.165,-0.269,0.039,-0.005,-0.018,0.163,-0.168,0.107,-0.171,0.01,0.037,-0.31,0.61,-0.002,-0.23,-0.495,0.081,-0.17,-0.077,-0.207,0.025,-0.093,-0.046,0.011,-0.475,-0.079,-0.18,-0.039,-0.209,-0.129,-0.604,0.003,-0.043,0.087,-0.26,0.641,-0.013,0.599,0.053,-0.045,-0.057,-0.009,-0.344,-0.497,-0.076,0.036,0.084,-0.015
-0.664,0.139,0.115,0.082,-0.428,-0.153,0.223,-0.313,-0.006,-0.157,0.359,-0.26,-0.173,-0.095,0.149,0.031,0.297,-0.155,0.265,0.045,0.361,-0.197,-0.341,-0.181,-0.115,-0.467,-0.153,-0.256,0.02,-0.104,-0.129,0.016,0.093,-0.416,-0.36,-0.282,-0.309,-0.796,0.312,-0.429,-0.613,0.169,-0.199,-0.205,0.479,-0.39,-0.497,-0.385,0.001,-0.161,-0.028,-0.32,-0.684,-0.651,-0.335,-0.444,0.148,-0.221,-0.01,0.095,-0.268,-0.25,0.371,-0.321,-0.054,-0.441,-0.473,0.262,-0.291,0.629
-0.166,-0.088,-0.286,0.175,-0.09,0.159,-0.588,-0.175,0.026,0.157,-0.038,-0.046,-0.12,-0.216,-0.236,0.029,0.02,0.134,0.061,0.032,0.051,-0.16,0.259,-0.016,-0.107,-0.166,-0.217,0.164,-0.144,-0.068,0.006,-0.251,-0.222,-0.151,0.038,0.093,-0.28,-0.323,-0.003,0.113,-0.095,0.035,-0.228,0.038,0.038,-0.056,-0.144,-0.655,0.024,0.006,-0.513,-0.154,-0.484,0.128,-0.102,0.069,-0.104,-0.243,-0.237,-0.111,-0.155,-0.023,-0.036,-0.301,-0.304,-0.514,-0.044,-0.347,-0.216,-0.098
0.001,-0.072,-0.248,0.18,-0.022,0.291,-0.134,-0.208,0.151,-0.182,0.322,-0.264,-0.006,0.1,-0.132,-0.164,-0.3,0.094,-0.25,-0.166,0.099,0.251,-0.575,-0.043,0.063,0.265,-0.053,-0.106,-0.102,-0.032,0.102,-0.235,-0.1,0.087,-0.234,0.058,0.723,-0.632,-0.032,-0.173,0.058,0.053,-0.066,-0.15,0.032,-0.037,-0.145,-0.399,0.087,0.183,-0.179,0.105,-0.256,-0.178,-0.219,-0.285,-0.041,-0.205,-0.136,-0.172,-0.372,-0.017,0.046,-0.136,-0.102,-0.328,0.042,-0.019,-0.107,-0.186
-0.471,-0.071,0.532,0.414,-0.004,-0.014,0.057,0.151,-0.13,-0.206,0.929,0.098,-0.08,0.363,0.007,0.022,0.314,0.256,0.107,0.179,-0.116,0.077,-0.27,0.138,0.146,0.147,-0.11,-0.268,0.265,0.214,0.25,0.288,0.145,0.442,-0.54,0.056,-0.084,-0.66,0.143,-0.121,-0.278,-0.15,-0.07,0.237,0.309,-0.348,-0.05,0.36,0.283,-0.013,0.069,-0.099,-0.5,-0.009,-0.11,-0.128,0.145,0.227,-0.077,0.298,-0.043,0.19,-0.021,0.001,-0.113,-0.18,-0.351,0.119,0.186,-0.145
0.05,0.318,-0.304,0.187,-0.098,0.188,-0.305,0.014,0.086,-0.032,-0.155,-0.124,-0.16,0.067,0.004,0.106,-0.053,0.053,-0.102,0.002,0.223,-0.038,-0.524,0.025,-0.012,-0.18,-0.117,-0.088,-0.081,0.337,0.112,-0.192,0.018,-0.068,0.032,0.043,-0.257,0.419,0.047,-0.158,0.025,0.195,-0.131,0.241,-0.007,-0.148,0.168,0.139,0.124,0.028,-0.034,-0.106,-0.426,-0.101,-0.224,-0.052,-0.053,0.144,-0.076,0.115,-0.056,0.035,-0.138,-0.215,0.045,-0.039,-0.208,-0.081,-0.1,-0.252
0.298,0.602,-0.396,-0.264,-0.008,-0.276,0.715,-0.293,0.258,0.234,-0.014,0.098,-0.213,-0.123,-0.038,-0.094,-0.053,-0.287,-0.003,0.013,0.081,0.12,-1.316,-0.03,0.032,-0.468,0.014,-0.02,0.333,0.062,-0.412,-0.279,-0.133,0.138,-0.201,0.182,-0.403,0.175,0.119,0.089,-0.054,-0.075,-0.019,-0.076,0.16,0.027,-0.182,0.045,-0.116,0.27,-0.068,-0.16,-0.173,-0.299,-0.091,0.237,-0.022,-0.506,0.159,-0.338,0.15,-0.177,-0.163,-0.514,-0.042,-0.38,0.003,-0.081,-0.386,0.599
-0.362,0.048,-0.407,-0.084,-0.148,-0.013,-0.188,-0.169,0.076,-0.119,-0.152,-0.267,-0.292,-0.129,-0.14,0.037,-0.125,0.129,-0.019,-0.053,0.217,-0.165,0.58,0.045,0.202,-0.036,0.025,0.162,0.04,-0.057,-0.303,-0.138,-0.157,-0.047,-0.009,-0.212,-0.2,0.696,0.141,-0.134,-0.008,0.012,-0.236,0.166,0.105,-0.001,-0.129,-0.344,0.169,0.063,-0.399,-0.213,-0.453,-0.119,-0.172,0.005,-0.148,-0.195,-0.228,-0.191,-0.145,0.141,-0.071,-0.438,-0.151,-0.564,-0.254,-0.229,-0.204,-0.131
-0.316,-0.029,-0.501,-0.02,-0.019,0.216,-0.101,0.063,-0.081,0.398,-0.079,-0.103,0.159,0.405,0.06,0.139,-0.13,0.035,-0.136,-0.027,0.048,-0.078,-0.169,0.232,0.225,0.232,0.016,0.178,-0.07,-0.13,-0.026,-0.075,-0.034,-0.079,-0.148,-0.12,-0.191,0.182,-0.049,-0.061,-0.023,-0.052,0.112,0.182,0.128,0.065,-0.044,-0.29,0.053,-0.11,-0.325,0.14,-0.068,-0.21,0.226,-0.142,0.018,-0.483,-0.012,-0.26,0.147,0.055,-0.064,0.073,0.154,-0.149,0.125,0.465,0.067,-0.008
0.251,0.119,-0.514,-0.099,0.119,-0.329,0.249,-0.244,0.134,-0.316,0.012,-0.153,-0.374,0.163,-0.042,-0.256,-0.163,0.13,-0.062,-0.135,-0.033,-0.093,-0.336,-0.069,-0.02,0.364,-0.203,0.152,-0.114,0.143,-0.315,0.004,-0.168,-0.028,0.015,-0.575,-0.13,-0.492,0.215,-0.071,0.132,-0.106,-0.259,-0.143,0.027,0.018,-0.131,0.228,-0.045,0.179,-0.331,0.081,-0.557,-0.024,-0.148,0.216,-0.085,0.546,-0.05,0.447,-0.249,0.024,0.128,-0.339,-0.079,-0.676,-0.068,-0.337,-0.095,0.007
0.134,0.049,-0.114,0.095,0.028,-0.016,0.503,0.127,-0.046,0.176,0.146,0.001,0.119,0.128,0.157,-0.228,0.238,-0.1,-0.041,0.125,-0.055,-0.041,-0.431,-0.021,0.033,0.302,-0.152,0.091,-0.119,0.349,-0.046,0.069,0.146,-0.22,-0.094,-0.233,0.038,-0.544,-0.02,0.007,0.007,-0.182,0.153,0.09,0.068,0.1,-0.071,-0.303,-0.026,-0.009,-0.065,0.069,-0.706,-0.004,-0.003,0.194,0.057,0.066,-0.111,0.062,0.048,0.134,0.293,0.101,-0.059,0.129,-0.081,0.227,-0.054,0.282
-0.542,0.11,0.009,0.095,0.048,-0.06,-0.14,-0.007,0.085,-0.04,-0.053,-0.169,0.032,0.086,0.024,0.088,-0.161,0.135,-0.123,-0.077,-0.042,-0.145,-0.38,-0.097,0.03,0.005,-0.044,-0.115,0.171,0.108,0.091,-0.163,-0.189,-0.01,0.458,-0.289,0.447,-0.395,-0.018,0.016,-0.019,0.04,-0.056,-0.034,0.057,0.15,0.036,0.13,0.03,0.143,-0.101,0.073,0.015,-0.074,0.045,0.039,0.021,-0.23,0.046,-0.148,-0.048,0.065,0.099,-0.154,-0.074,-0.232,0.03,-0.205,-0.176,-0.105
0.109,-0.065,-0.312,0.03,0.006,-0.066,-0.141,0.303,-0.179,-0.005,-0.149,-0.392,0.169,0.31,0.387,-0.079,-0.415,-0.094,-0.451,-0.093,0.069,0.064,-0.642,0.002,0.069,0.307,0.277,-0.255,0.106,-0.014,0.149,0.084,0.09,0.275,-0.384,0.27,0.141,-0.401,-0.286,0.121,0.005,0.167,0.152,0.062,-0.044,-0.14,0.044,0.753,-0.115,-0.225,0.127,0.078,0.158,-0.208,0.216,-0.22,-0.035,-0.419,0.101,-0.349,0.38,0.061,-0.164,0.041,-0.047,0.165,-0.22,0.223,0.366,0.289
0.243,-0.013,-0.457,-0.261,0.077,-0.581,0.079,-0.032,0.311,0.078,-0.327,0.458,0.332,-0.226,-0.379,-0.372,0.359,0.264,-0.156,0.218,-0.494,0.161,-0.18,-0.345,-0.075,0.092,-0.162,-0.279,-0.236,0.169,-0.016,0.134,-0.022,0.08,-0.312,0.295,-0.376,-0.27,0.42,0.091,-0.076,0.225,0.001,-0.017,-0.08,0.116,0.072,-0.404,0.049,0.268,0.012,0.076,-0.284,0.078,0.145,-0.18,-0.357,-0.5,0.252,-0.242,0.431,-0.153,0.283,0.248,0.193,0.088,-0.12,0.072,0.08,0.104
-0.646,0.264,-0.609,0.006,0.114,0.1,-0.23,0.12,0.239,-0.002,0.07,-0.107,0.18,0.112,-0.116,-0.071,-0.01,0.143,-0.032,0.003,0.37,0.001,0.399,-0.085,0.204,0.402,0.242,0.202,-0.111,-0.082,-0.065,0.045,-0.175,0.053,0.103,-0.173,-0.297,-0.682,0.228,-0.309,-0.016,0.024,0.149,0.038,0.259,-0.045,0.077,-0.069,0.04,0.265,0.218,0.122,-0.861,-0.464,0.217,0.079,-0.221,-0.376,-0.113,-0.26,-0.172,0.052,0.12,0.243,0.247,-0.026,-0.353,0.246,-0.026,-0.15
-0.373,0.029,-0.485,0.037,0.014,-0.095,-0.194,-0.076,0.131,0.03,0.083,-0.066,-0.093,-0.067,-0.346,-0.084,-0.063,-0.054,0.09,-0.039,0.343,-0.079,-0.14,-0.196,-0.257,0.101,-0.041,0.277,-0.145,-0.039,-0.176,-0.131,-0.158,-0.053,0.548,-0.155,-0.183,0.179,0.228,-0.148,-0.011,0.036,-0.074,-0.213,0.148,0.001,-0.016,-0.514,0.073,0.111,-0.085,0.109,-0.584,0.106,-0.042,-0.021,0.061,-0.413,-0.093,-0.378,-0.135,-0.346,-0.025,-0.151,-0.073,-0.309,-0.079,-0.128,0.015,0.096
0.387,-0.056,-0.339,-0.074,0.057,0.019,-0.386,-0.271,-0.014,0.136,-0.316,-0.007,0.053,-0.254,-0.21,-0.083,0.09,-0.119,-0.143,0.095,-0.049,0.047,-0.044,-0.264,-0.16,-0.026,-0.176,-0.17,-0.334,-0.005,-0.045,-0.059,0.09,0.057,-0.144,-0.068,-0.261,-0.482,-0.03,-0.097,-0.142,-0.126,0.064,-0.037,-0.013,0.052,-0.054,-0.42,0.016,0.062,0.208,-0.003,-0.212,-0.228,0.014,0.079,-0.097,-0.429,0.073,-0.263,-0.218,-0.083,-0.056,-0.015,-0.002,0.11,-0.227,-0.203,-0.159,-0.317
0.09,0.027,-0.454,0.088,-0.155,0.094,-0.471,-0.292,-0.094,0.052,-0.097,-0.003,0.053,0.003,-0.194,0.201,0.066,-0.323,0.219,0.035,-0.072,-0.071,0.107,0.096,-0.106,0.208,-0.155,0.02,-0.197,-0.122,-0.009,-0.093,0.307,-0.089,-0.38,-0.065,-0.224,0.595,0.165,0.077,-0.115,0.12,-0.095,-0.121,-0.044,-0.185,-0.08,-0.483,-0.068,-0.077,-0.019,-0.043,-0.791,0.37,0.004,-0.053,-0.057,-0.297,-0.093,-0.153,-0.148,-0.036,0.133,-0.11,-0.131,-0.047,-0.119,-0.137,0.044,0.01
-0.601,-0.151,0.114,-0.068,0.169,-0.262,-0.091,-0.127,-0.06,0.152,-0.116,0.031,0.098,0.009,-0.214,-0.07,-0.033,-0.162,-0.025,-0.04,-0.24,0.054,-0.471,-0.065,0.058,0.222,-0.269,0.07,-0.11,0.043,-0.01,0.047,0.035,-0.062,0.008,-0.031,-0.037,-0.693,-0.011,-0.148,0.165,-0.143,-0.072,-0.024,0.116,0.331,-0.166,-0.341,-0.028,-0.023,0.232,0.052,-0.197,0.209,0.011,0.004,0.016,-0.336,-0.188,-0.251,-0.161,0.088,0.296,-0.03,-0.066,-0.115,-0.073,0.267,0.23,-0.033
-0.173,-0.04,0.509,0.095,0.203,-0.166,-0.347,-0.14,0.043,0.007,-0.312,0.016,0.078,-0.067,-0.342,-0.118,0.067,-0.236,0.032,0.114,-0.156,0.075,0.015,0.127,-0.047,-0.271,0.281,0.158,-0.067,0.254,-0.034,-0.017,0.271,-0.129,-0.263,0.118,-0.339,0.13,-0.014,0.128,0.031,-0.222,-0.09,-0.312,0.139,0.209,-0.275,-0.338,-0.163,0.035,-0.203,-0.045,-0.763,0.143,0.048,0.049,0.133,-0.397,-0.232,-0.376,0.258,-0.089,-0.115,-0.089,-0.219,-0.28,-0.001,0.045,0.017,-0.154
-0.75,0.479,-0.693,0.106,0.06,0.102,-0.222,-0.243,0.107,-0.043,0.187,-0.098,-0.295,-0.18,-0.199,0.215,0.288,-0.246,0.245,0.141,0.295,-0.148,0.714,0.09,-0.36,-0.167,0.384,0.043,-0.088,0.335,-0.119,0.048,0.229,-0.076,0.093,-0.21,-0.063,-0.048,0.021,-0.104,-0.329,-0.314,-0.13,-0.296,0.095,-0.359,-0.292,-0.689,-0.137,0.175,-0.051,-0.311,-0.352,-0.431,-0.084,0.231,-0.057,0.763,-0.101,0.711,-0.157,0.23,-0.003,-0.334,-0.326,-0.156,-0.163,-0.078,-0.132,-0.329
-0.024,0.049,-0.536,-0.171,0.118,-0.085,0.233,-0.078,0.065,0.014,0.206,0.025,0.233,-0.076,-0.019,-0.423,0.007,-0.055,-0.156,0.068,-0.119,0.244,-1.179,-0.178,-0.435,-0.111,0.232,-0.167,0.014,0.148,0.207,0.069,-0.032,-0.051,-0.39,0.054,-0.17,-0.588,-0.174,0.321,0.398,0.393,0.193,-0.282,-0.043,-0.052,0.013,0.701,-0.262,0.078,0.026,0.182,-0.21,0.654,-0.025,-0.09,-0.099,-0.117,-0.125,-0.058,-0.115,-0.065,-0.087,-0.068,0.533,0.193,-0.061,0.457,-0.171,-0.142
-0.113,-0.11,-0.59,-0.014,0.046,0.098,-0.151,-0.206,0.042,-0.245,0.022,-0.333,-0.216,-0.08,-0.321,0.3,-0.267,0.12,-0.022,-0.125,0.199,-0.026,0.496,-0.103,-0.001,-0.017,-0.005,0.217,-0.228,-0.136,-0.264,-0.276,0.194,-0.126,0.402,0.076,-0.193,-0.123,0.034,-0.101,0.093,0.041,-0.182,-0.187,0.213,-0.039,-0.186,-0.425,-0.165,0.011,-0.293,-0.131,-0.775,0.522,-0.106,-0.202,-0.006,-0.458,-0.387,-0.328,-0.146,0.094,-0.041,-0.327,-0.136,-0.395,-0.151,-0.043,-0.077,-0.268
-0.616,-0.008,-0.065,-0.126,-0.206,-0.031,-0.439,-0.186,0.111,-0.343,-0.221,-0.355,-0.617,-0.339,-0.401,0.08,-0.513,-0.137,0.23,-0.219,0.144,-0.254,-0.783,-0.281,-0.329,0.085,-0.193,0.081,-0.362,-0.137,-0.199,-0.141,0.464,-0.047,-0.128,-0.179,-0.325,-0.166,0.036,0.013,-0.09,-0.367,-0.519,-0.1,0.295,-0.014,-0.228,-0.362,-0.16,0.082,-0.496,-0.261,-0.832,-0.212,-0.318,0.039,-0.159,-0.452,-0.018,-0.372,-0.263,-0.206,-0.244,-0.711,-0.272,-0.795,0.06,-0.614,-0.244,-0.354
0.223,0.251,-0.404,-0.125,0.124,-0.257,0.251,0.22,0.064,-0.007,-0.174,0.058,0.251,-0.278,0.193,-0.324,0.081,-0.141,-0.275,0.071,-0.242,0.264,-0.711,-0.283,-0.022,-0.293,0.126,-0.221,0.413,0.424,-0.11,0.147,-0.278,0.176,-0.224,0.099,-0.132,-0.632,0.139,0.048,0.223,0.478,0.139,-0.134,0.111,0.116,-0.241,0.346,-0.1,0.11,0.123,0.058,0.034,0.166,0.087,0.006,-0.061,-0.428,-0.091,-0.378,-0.086,-0.122,-0.094,0.064,0.076,0.309,-0.504,0.71,-0.118,-0.204
-0.084,0.138,-0.217,-0.158,0.313,-0.274,0.115,-0.289,0.267,0.077,-0.161,0.151,0.389,0.154,0.015,-0.066,0.257,-0.141,0.081,0.213,0.017,0.298,-0.66,-0.071,-0.268,0.172,-0.116,-0.027,-0.064,0.287,-0.104,0.182,0.284,0.15,0.156,0.222,-0.31,-0.674,-0.254,0.246,0.259,-0.099,0.336,-0.131,-0.033,0.228,-0.23,-0.098,-0.106,0.263,0.319,-0.117,0.186,-0.172,0.211,0.024,-0.008,-0.103,0.015,-0.11,-0.316,-0.086,-0.044,0.142,0.05,-0.105,0.009,0.267,-0.153,0.545
-0.294,-0.105,-0.439,-0.025,-0.118,-0.03,-0.414,-0.565,-0.073,-0.005,-0.142,-0.271,-0.431,-0.027,0.138,-0.134,-0.154,0.193,0.164,-0.06,0.319,-0.178,0.07,-0.129,-0.357,0.297,-0.101,0.221,-0.174,0.067,-0.24,-0.015,-0.005,0.108,0.619,-0.184,-0.125,0.224,0.111,0.058,0.041,-0.107,-0.162,-0.08,0.181,0.059,-0.223,-0.354,-0.211,0.006,0.024,-0.099,-0.644,0.033,-0.017,0.171,-0.214,-0.211,-0.162,-0.137,-0.325,-0.122,0.208,-0.238,0.03,-0.296,-0.197,0.078,-0.03,-0.433
-0.628,0.026,-0.034,0.046,-0.16,0.041,-0.3,-0.099,0.012,0.06,0.216,0.029,-0.071,-0.167,-0.133,0.082,0.147,0.018,0.164,0.104,-0.048,-0.203,0.091,0.054,-0.013,0.177,-0.308,0.044,-0.189,-0.121,-0.167,0.026,0.126,-0.083,-0.133,-0.049,-0.171,0.125,-0.277,-0.03,-0.288,-0.164,-0.218,0.09,0.04,-0.267,-0.103,-0.125,0.053,0.02,-0.387,-0.221,-0.509,0.134,-0.1,0.121,0.021,0.166,-0.116,0.179,-0.04,-0.082,-0.032,-0.146,-0.131,-0.221,-0.01,-0.254,-0.126,-0.162
-0.157,0.369,-0.528,-0.307,0.351,-0.284,1.1,-0.008,0.078,0.311,0.06,0.159,-0.085,0.214,0.015,-0.565,0.094,-0.142,0.112,0.071,-0.39,0.273,-1.201,0.043,-0.095,-0.104,-0.239,-0.16,0.276,-0.05,0.102,-0.02,-0.295,0.079,0.117,0.08,-0.171,0.268,0.007,0.177,0.076,0.102,0.121,-0.072,-0.073,0.113,0.153,0.057,-0.26,0.125,0.237,-0.04,-0.332,-0.238,0.211,-0.002,0.069,-0.507,0.06,-0.23,0.38,-0.42,0.03,0.111,0.347,0.043,-0.087,0.161,0.16,0.957
-0.204,-0.2,-0.157,0.118,-0.009,0.003,-0.309,-0.081,0.099,-0.064,0.403,0.146,-0.163,0.095,-0.208,0.32,-0.043,-0.059,0.111,0.007,-0.126,-0.052,0.044,0.21,0.046,-0.149,-0.078,0.043,0.266,-0.181,0.157,-0.101,-0.081,-0.062,0,0.023,-0.34,0.673,0.181,0.212,0.427,0.267,-0.004,0.03,0.098,-0.008,-0.208,-0.512,0.036,0.08,-0.187,-0.122,-0.415,0.349,-0.18,-0.086,0.063,0.238,-0.105,0.166,-0.071,-0.171,-0.061,-0.175,-0.252,-0.26,0.128,0.07,0.395,0.553
0.101,-0.156,0.273,0.3,-0.055,0.011,0.038,0.258,-0.109,-0.093,-0.059,0.053,-0.054,0.1,0.258,-0.561,0.088,-0.252,-0.184,0.003,-0.171,-0.015,-0.934,0.228,-0.153,-0.209,-0.108,-0.084,0.118,0.177,0.1,0.238,-0.297,0.028,-0.46,-0.482,0.182,-0.552,-0.312,-0.031,-0.147,-0.168,0.019,0.145,-0.275,-0.222,-0.24,-0.442,0.036,-0.096,-0.017,-0.127,-0.274,-0.161,-0.005,-0.291,0.169,-0.248,0.054,-0.123,0.529,0.001,0.122,0.308,-0.16,0.239,0.028,-0.16,-0.214,-0.219
-0.499,0.158,0.059,0.006,-0.428,-0.556,-0.568,-0.342,0.094,-0.162,-0.304,0.001,-0.296,-0.103,-0.33,-0.521,0.082,0.109,-0.026,-0.118,0.179,-0.651,0.963,-0.105,-0.351,-0.196,-0.387,0.096,-0.25,-0.177,-0.611,0.297,-0.654,0.106,0.339,-0.815,-0.516,-0.317,0.195,-0.231,-0.294,-0.199,-0.232,0.272,0.359,-0.242,-0.382,-0.466,-0.377,-0.091,-0.455,-0.022,-0.658,-0.351,-0.733,-0.104,-0.655,-0.1,-0.064,-0.168,0.041,-0.569,0.051,-0.101,-0.248,-0.349,-0.42,-0.807,-0.489,-0.3
0.14,-0.009,-0.14,-0.065,-0.058,0.103,-0.071,0.023,-0.636,-0.111,-0.195,0.291,0.084,0.197,0.113,-0.306,-0.055,-0.064,-0.105,0.099,-0.297,0.138,-0.846,0.012,0.444,-0.395,0.012,-0.445,0.405,-0.341,-0.068,0.079,-0.029,-0.162,-0.414,-0.071,0.036,-0.343,-0.002,-0.051,-0.303,-0.084,0.063,0.017,0.067,-0.376,-0.061,-0.238,0.496,-0.371,0.185,-0.192,-0.128,-0.358,-0.082,-0.205,0.229,-0.102,0.116,0.046,-0.053,-0.073,0.066,0.122,-0.096,0.132,-0.157,-0.12,0.342,-0.208
-0.267,-0.175,-0.252,0.11,0.055,0.202,-0.391,-0.32,0.207,-0.481,-0.251,-0.185,-0.257,-0.179,-0.438,0.107,0.081,-0.006,0.114,-0.126,-0.081,-0.372,0.464,-0.139,-0.117,-0.361,-0.471,0.009,-0.169,0.141,-0.612,0.262,-0.218,-0.163,0.201,-0.599,-0.297,-0.062,0.234,-0.236,-0.252,-0.376,-0.399,0.107,0.228,-0.31,-0.344,-0.511,-0.146,0.153,-0.592,-0.25,-0.816,-0.158,-0.366,0.069,-0.239,0.164,-0.225,0.127,0.104,-0.109,0.176,-0.19,-0.189,-0.273,-0.219,-0.451,-0.586,-0.19
-0.457,-0.326,-0.304,-0.015,-0.126,-0.335,-0.339,-0.94,0.303,-0.311,-0.321,-0.427,-0.628,-0.344,-0.178,-0.001,0.221,0.016,0.175,-0.188,0.116,-0.444,0.892,0.101,-0.377,-0.298,-0.48,-0.185,-0.23,0.117,-0.53,0.307,-0.006,-0.057,-0.198,-0.363,0.646,-0.646,-0.036,-0.011,-0.434,-0.524,-0.768,0.065,0.161,-0.532,-0.515,-0.763,-0.072,0.049,-0.366,-0.694,-0.996,-0.291,-0.616,-0.006,-0.11,0.269,-0.081,0.255,-0.346,-0.159,-0.231,-0.34,-0.306,-0.613,-0.076,-0.357,-0.617,0.122
0.342,-0.213,-0.323,-0.088,0.144,-0.38,0.334,-0.029,-0.283,0.123,-0.195,0.594,0.462,0.284,-0.047,-0.401,0.447,0.07,0.099,0.413,-0.142,-0.067,-1.068,-0.097,-0.113,0.422,0.103,-0.351,-0.108,-0.059,0.354,0.371,0.095,0.008,-0.512,0.213,-0.459,-0.588,-0.367,0.151,0.029,-0.148,0.409,0.283,-0.143,0.128,0.166,0.087,0.143,-0.214,0.265,0.12,0.884,-0.017,0.6,-0.267,0.319,-0.41,0.082,-0.233,0.287,0.134,0.161,0.136,-0.212,0.25,0.119,0.325,0.161,-0.005
0.25,0.309,-0.017,-0.212,-0.104,-0.564,-0.113,-0.327,0.128,0.107,-0.401,0.163,0.315,0.026,0.35,-0.393,0.071,0.048,-0.26,0.063,-0.432,0.161,-1.085,0.014,0.169,-0.144,0.134,-0.054,-0.133,-0.203,-0.067,0.2,-0.237,0.082,0.084,0.224,-0.533,0.709,0.096,0.01,0.057,-0.037,0.05,0.004,0.172,0.005,0.343,-0.578,-0.082,0.13,0.283,0.065,0.362,-0.193,0.002,-0.044,-0.154,-0.61,-0.02,-0.418,-0.286,-0.042,-0.213,0.139,-0.199,0.148,-0.058,-0.008,0.289,0.291
-0.186,-0.295,-0.1,-0.219,-0.012,-0.219,0.364,-0.051,-0.042,0.126,-0.184,-0.042,0.064,-0.09,-0.021,-0.384,-0.131,-0.093,-0.171,-0.075,-0.203,-0.013,-1.073,0.017,0.131,-0.271,-0.088,-0.016,0.476,-0.145,0.098,-0.064,-0.309,0.271,-0.118,-0.11,0.05,0.024,-0.286,0.23,-0.154,0.093,-0.111,-0.159,-0.114,0.08,-0.107,0.167,-0.058,-0.088,0.197,0.083,0.19,0.348,0.198,-0.088,-0.087,-0.5,0.155,-0.339,0.004,0.093,0.049,0.292,0.049,-0.084,0.264,0.001,0.164,0.426
0.302,0.26,-0.561,-0.214,0.199,-0.216,0.264,-0.062,-0.113,0.201,0.255,0.353,0.32,0.448,0.33,-0.473,0.279,0.378,-0.214,0.237,0.33,0.024,-0.704,-0.048,0.035,0.965,-0.458,0.256,-0.236,-0.171,-0.014,-0.003,-0.097,-0.177,-0.146,0.017,-0.537,1.201,0.065,-0.092,0.131,-0.1,0.303,-0.07,-0.131,0.087,0.314,0.328,-0.119,-0.065,0.247,0.061,0.393,-0.196,0.29,0.257,-0.25,0.059,-0.052,0.055,-0.258,-0.025,0.308,0.316,-0.145,0.53,0.025,0.287,0.026,-0.042
0.401,-0.17,-0.392,0.12,0.191,-0.267,-0.201,-0.012,-0.132,0.248,-0.108,0.209,0.194,-0.057,0.076,0.074,0.126,0.146,0.259,0.077,0.185,-0.063,-0.777,0.029,-0.021,0.16,-0.013,-0.174,-0.007,-0.06,0.076,-0.002,-0.242,-0.025,-0.066,-0.203,0.03,-0.754,-0.004,-0.129,0.384,0.792,0.35,-0.182,-0.035,0.178,-0.074,-0.409,0.051,-0.134,0.001,0.121,0.212,-0.114,0.134,-0.175,0.037,0.694,-0.022,0.538,0.398,-0.098,0.103,0.069,0.136,0.175,-0.299,-0.113,0.004,0
-0.22,0.053,0.451,-0.009,0.014,0.426,-0.086,-0.264,0.058,-0.265,0.03,-0.153,-0.048,0.041,0.065,0.074,-0.244,0.053,-0.157,-0.125,-0.018,0.139,-0.148,0.084,0.103,-0.164,-0.161,-0.077,0.143,-0.199,0.117,-0.267,-0.067,-0.035,-0.309,-0.158,-0.137,-0.525,0.171,-0.102,-0.262,-0.039,-0.304,-0.028,-0.034,-0.213,-0.01,-0.369,0.045,0.019,-0.13,0.025,-0.575,0.07,-0.11,-0.295,0.217,0.13,-0.042,0.09,-0.137,0.06,-0.055,-0.195,-0.03,-0.222,0.099,-0.308,0.06,-0.067
0.037,0.019,-0.275,0.077,-0.217,0.066,-0.143,-0.111,-0.088,-0.068,0.198,-0.035,0.083,-0.036,-0.053,0.066,-0.095,0.011,-0.03,-0.041,-0.196,-0.316,0.103,-0.028,0.064,-0.062,-0.312,-0.004,-0.018,-0.359,-0.114,-0.088,0.164,0.122,-0.136,-0.073,-0.479,-0.641,0.484,0.067,-0.009,-0.263,-0.088,0.066,-0.006,-0.068,-0.101,0.208,0.286,-0.087,-0.284,-0.06,-0.434,0.668,0.101,0.111,0.15,-0.113,-0.074,-0.027,-0.308,-0.177,-0.077,-0.182,-0.201,-0.16,0.059,-0.282,0.102,-0.059
-0.606,-0.161,-0.091,0.241,0.101,-0.066,-0.449,-0.155,-0.052,0.016,-0.153,-0.088,-0.087,0.063,-0.078,-0.164,-0.119,0.112,0.477,-0.112,0.014,-0.132,0.557,-0.234,-0.04,-0.338,-0.183,0.118,-0.164,-0.07,-0.131,-0.028,-0.264,-0.191,0.185,-0.038,-0.34,-0.306,0.073,0.179,-0.096,-0.272,-0.08,-0.113,0.173,0.059,-0.022,-0.377,-0.149,-0.03,-0.118,0.021,-0.437,0.256,-0.11,-0.084,0.065,0.128,-0.084,0.09,-0.07,-0.081,0.108,-0.27,-0.148,-0.239,-0.014,-0.235,0.223,-0.17
-0.505,-0.139,-0.668,-0.09,0.094,0.012,-0.163,-0.123,0.065,-0.313,-0.192,-0.172,-0.233,0.163,-0.335,0.162,-0.355,-0.095,0.212,-0.237,-0.145,-0.188,0.203,-0.005,0.019,-0.035,0.121,0.286,-0.092,-0.287,-0.253,-0.179,-0.199,-0.076,0.216,-0.089,-0.483,0.056,0.401,0.016,-0.191,0.178,-0.293,-0.407,0.077,0.304,-0.196,-0.339,-0.146,0.028,-0.237,-0.007,-0.577,-0.003,-0.085,0.078,-0.051,-0.526,-0.315,-0.472,-0.106,-0.143,0.083,-0.337,-0.09,-0.581,-0.041,-0.358,-0.083,-0.152
0.235,0.231,-0.283,-0.276,0.005,-0.464,-0.067,-0.03,0.064,-0.003,-0.077,-0.059,-0.01,-0.143,-0.037,-0.033,-0.036,0.109,0.125,-0.038,0.456,0.314,-0.628,-0.16,-0.549,-0.09,-0.166,0.024,0.191,0.063,-0.081,-0.068,-0.092,-0.053,-0.233,0.052,-0.524,0.426,-0.044,0.073,-0.179,-0.405,-0.024,-0.557,-0.239,0.065,0.146,-0.323,-0.205,0.093,0.123,-0.311,0.008,-0.159,-0.104,0.039,0.046,0.135,-0.008,0.119,-0.232,-0.317,0.233,-0.18,0.038,-0.152,-0.134,-0.17,-0.581,0.093
-0.702,0.159,-0.851,0.134,-0.121,0.387,-0.306,0.001,0.27,-0.281,-0.147,-0.326,-0.349,-0.269,0.078,0.219,-0.365,0.352,0.394,-0.194,0.319,-0.279,0.703,-0.091,-0.053,-0.244,-0.096,0.174,-0.223,-0.12,-0.283,-0.241,-0.092,0.029,0.468,-0.261,-0.34,0.775,0.27,-0.241,-0.258,-0.093,-0.309,-0.192,0.247,-0.181,-0.029,-0.526,-0.256,0.276,-0.433,-0.207,-0.662,-0.018,-0.134,0.247,-0.036,-0.177,-0.126,-0.143,-0.248,-0.175,-0.11,-0.265,-0.238,-0.25,-0.263,-0.247,-0.143,-0.338
-0.332,0.047,-0.637,0.377,-0.078,0.609,-0.381,-0.161,0.255,-0.392,-0.27,-0.295,-0.452,-0.148,-0.092,0.77,-0.319,0.183,0.007,-0.134,0.323,-0.349,-0.218,-0.147,0.002,-0.454,-0.053,0.071,-0.096,-0.229,-0.14,-0.322,-0.207,-0.372,0.289,-0.215,-0.213,-0.243,0.311,-0.181,-0.317,-0.115,-0.26,-0.18,0.267,-0.202,-0.032,-0.392,-0.033,0.154,-0.474,-0.374,-0.407,0.456,-0.148,-0.011,-0.037,-0.402,-0.074,-0.266,-0.195,0.008,-0.047,-0.64,0.046,-0.718,-0.118,-0.483,-0.286,-0.191
-0.234,-0.123,-0.239,-0.163,0.124,-0.464,0.463,0.165,0.054,0.061,0.138,-0.017,0.006,-0.14,0.131,-0.418,0.12,-0.082,0.139,0.008,-0.253,0.094,-0.098,0.055,-0.378,-0.043,-0.062,-0.143,0.009,0.256,0.277,0.202,-0.248,-0.099,-0.383,0.002,0.407,-0.32,-0.292,0.062,-0.246,-0.1,0.257,-0.2,-0.164,0.103,-0.003,-0.088,0.003,0.077,0.007,0.266,0.256,0.048,0.318,-0.126,0.138,-0.351,0.071,-0.165,0.133,-0.06,0.026,0.029,0.063,0.385,0.039,0.276,-0.18,0.052
-0.553,0.072,-0.135,0.195,-0.052,0.374,-0.185,-0.271,0.136,-0.041,0.12,-0.118,-0.209,-0.18,-0.133,0.186,-0.042,0.047,0.278,0.012,0.294,-0.127,0.711,-0.111,-0.364,-0.057,-0.109,-0.168,0.016,0.047,-0.187,-0.02,-0.358,-0.181,0.501,-0.38,-0.096,0.322,0.182,-0.328,-0.337,-0.05,-0.282,-0.144,0.281,-0.301,0.029,-0.779,-0.13,0.175,-0.304,-0.143,-0.645,0.405,-0.048,0.104,-0.051,-0.173,-0.118,-0.123,-0.513,-0.262,0.17,-0.225,-0.027,-0.259,-0.261,-0.171,-0.178,-0.05
-0.351,0.011,-0.468,0.055,-0.143,0.045,-0.133,-0.094,0.184,0.053,-0.358,-0.065,0.021,0.034,-0.145,0.336,-0.047,-0.024,-0.026,-0.006,-0.303,0.125,-0.424,-0.049,-0.099,-0.377,-0.165,-0.084,-0.09,-0.092,-0.077,0.101,0.076,-0.209,0.202,-0.211,-0.436,-0.541,0.195,-0.06,0.05,0.26,-0.1,0.112,-0.131,0.085,-0.004,-0.435,-0.064,0.202,0.063,-0.032,-0.347,0.13,-0.067,-0.136,-0.095,-0.368,-0.17,-0.217,-0.368,0.039,0.006,0.114,0.411,-0.082,0.03,-0.017,0.041,-0.147
-0.747,0.074,0.286,-0.101,-0.234,-0.297,0.462,0.153,-0.191,0.078,0.019,0.293,0.292,0.057,0.318,-0.439,0.32,-0.231,-0.235,0.251,-0.211,0.115,-1.18,0.313,0.374,0,-0.026,-0.191,0.174,-0.248,0.218,0.238,0.001,0.051,-0.642,-0.052,0.115,-0.537,-0.246,0.144,0.199,-0.328,0.151,0.385,-0.166,-0.027,0.01,0.257,0.264,-0.115,0.408,0.016,0.462,-0.222,0.219,0.004,0.19,-0.004,0.04,0.037,-0.108,0.321,-0.01,0.254,-0.335,0.253,-0.008,-0.026,0.232,-0.016
-0.592,0.324,-0.521,-0.018,-0.147,0.183,-0.205,0.133,0.496,-0.006,-0.003,0.142,0.17,-0.068,-0.025,-0.095,0.224,0.376,0.179,0.151,0.121,-0.068,0.075,-0.346,-0.246,-0.206,-0.185,-0.068,0.042,0.275,-0.028,0.183,-0.586,-0.033,0.218,-0.292,-0.293,-0.502,0.212,-0.223,-0.672,-0.025,0.002,-0.039,0.376,-0.1,-0.085,-0.518,-0.174,0.492,-0.029,0.043,0.129,-0.192,0.009,0.222,-0.142,0.252,-0.104,0.212,-0.613,-0.356,-0.209,0.143,-0.006,0.332,-0.476,-0.312,-0.124,0.026
-0.22,0.126,-0.722,0.187,-0.171,0.202,-0.211,-0.359,0.185,-0.426,-0.149,-0.508,-0.613,-0.367,-0.086,0.226,-0.59,-0.032,-0.169,-0.366,-0.069,-0.191,0.881,0.015,-0.23,-0.177,0.11,0.274,-0.178,-0.375,-0.068,-0.506,-0.148,-0.235,-0.074,-0.216,-0.318,1.009,0.061,-0.207,-0.314,-0.319,-0.508,-0.162,0.359,-0.172,-0.098,-0.705,-0.227,0.24,-0.516,-0.237,-0.776,-0.186,-0.293,0.136,-0.114,-0.396,0.001,-0.278,-0.244,-0.263,0.036,-0.602,-0.244,-0.154,0.051,-0.543,-0.289,-0.121
-0.471,0.126,-0.781,0.344,-0.119,0.335,-0.524,-0.132,-0.004,-0.353,-0.359,-0.4,-0.309,-0.16,-0.274,0.568,-0.483,0.312,0.235,-0.408,0.433,-0.171,0.301,0.029,-0.119,-0.171,-0.071,0.22,0.328,-0.408,-0.167,-0.547,-0.381,-0.125,0.016,-0.23,-0.246,-0.348,0.295,-0.376,-0.224,-0.126,-0.317,-0.006,0.193,-0.18,-0.047,-0.539,0.035,-0.013,-0.299,-0.257,-0.601,0.185,-0.207,0.147,-0.025,-0.329,-0.186,-0.26,-0.59,-0.032,0.094,-0.439,-0.393,-0.42,-0.106,-0.501,-0.732,-0.313
0.025,0.378,0.373,0.172,-0.177,0.209,-0.387,-0.227,-0.078,-0.291,-0.093,-0.137,-0.187,-0.071,-0.355,0.235,-0.221,0.033,0.086,-0.258,-0.028,-0.236,-0.014,-0.04,-0.057,-0.275,0.072,-0.105,-0.369,-0.19,0.043,-0.205,0.207,-0.324,-0.054,-0.117,-0.262,0.771,0.07,0.016,-0.079,-0.22,-0.37,-0.045,0.456,-0.041,-0.091,0.055,-0.059,-0.07,-0.483,-0.167,-0.821,0.691,-0.072,-0.262,-0.042,-0.169,-0.066,-0.152,-0.19,-0.096,-0.288,-0.243,-0.501,-0.278,-0.034,-0.429,0.063,-0.267
-0.45,0.182,-0.578,0.102,-0.062,0.269,-0.214,-0.093,0.187,-0.257,-0.148,-0.266,-0.542,-0.123,-0.231,0.459,-0.289,0.212,0.197,-0.191,0.258,-0.217,0.295,-0.168,0.105,-0.156,0.028,0.206,-0.082,-0.176,-0.201,-0.291,-0.034,-0.286,0.672,-0.114,-0.348,0.123,0.44,-0.186,-0.196,0.022,-0.324,-0.173,0.034,-0.078,-0.174,-0.22,-0.128,0.178,-0.258,-0.219,-0.457,-0.021,-0.186,0.219,-0.085,-0.301,-0.21,-0.303,-0.334,0.028,0.012,-0.541,-0.26,-0.461,-0.078,-0.361,-0.316,-0.245
-0.199,0.175,-0.498,-0.216,-0.083,-0.068,-0.21,-0.278,0.049,-0.422,-0.309,-0.304,-0.404,0.037,-0.281,-0.381,-0.403,0.01,0.057,-0.28,0.023,-0.096,-0.011,-0.116,-0.062,-0.128,0.028,-0.001,-0.292,-0.219,-0.249,-0.468,-0.063,-0.394,0.046,-0.082,-0.1,-0.381,0.113,-0.143,-0.245,-0.114,-0.674,-0.14,0.08,-0.116,-0.027,-0.346,-0.045,0.08,-0.427,-0.251,-0.388,0.034,-0.165,0.025,-0.132,-0.149,-0.212,-0.078,-0.153,0.162,-0.152,-0.542,-0.207,-0.713,-0.171,-0.617,-0.612,-0.23
-0.218,0.231,-0.245,0.06,-0.193,0.188,-0.207,-0.532,0.014,-0.285,-0.042,-0.197,-0.217,-0.217,-0.216,0.206,-0.132,-0.152,0.318,-0.412,0.108,-0.252,0.342,-0.146,-0.001,-0.346,-0.092,-0.071,-0.078,-0.204,-0.29,-0.219,-0.214,-0.499,-0.17,-0.213,-0.16,0.163,0.258,-0.262,-0.464,-0.547,-0.295,0.162,0.107,-0.4,-0.221,-0.568,0.027,0.158,-0.43,-0.46,-0.656,0.349,-0.081,-0.159,-0.083,0.035,-0.187,0.12,-0.255,0.042,-0.022,-0.202,-0.063,-0.291,-0.091,-0.372,-0.093,-0.167
-0.357,0.142,0.15,0.254,-0.051,0.188,-0.416,-1.055,0.059,-0.128,-0.369,-0.368,-0.219,-0.157,-0.027,0.472,-0.278,-0.078,0.04,-0.349,-0.017,-0.111,-0.016,-0.042,0.116,-0.018,-0.154,-0.05,-0.177,-0.137,-0.098,-0.174,-0.105,-0.274,0.021,-0.159,-0.09,-0.277,-0.086,-0.151,-0.186,-0.442,-0.336,0.078,-0.021,-0.014,-0.079,-0.414,-0.076,0.036,-0.348,-0.111,-0.347,0.305,-0.025,-0.039,-0.105,0.459,-0.161,0.48,-0.486,0.154,-0.002,-0.455,-0.307,-0.303,-0.149,-0.273,-0.025,-0.332
-0.705,0.03,-0.559,-0.1,-0.115,-0.239,-0.041,-0.537,-0.358,-0.015,-0.048,0.202,-0.023,0.168,-0.068,0.046,0.132,-0.095,-0.032,0.126,0.084,-0.107,0.236,0.058,0.061,-0.127,-0.197,0.145,0.133,-0.097,-0.028,-0.158,-0.007,-0.237,-0.301,-0.065,-0.391,-0.03,0.013,0.14,0.211,-0.055,-0.073,-0.073,-0.284,0.159,-0.049,-0.743,0.079,-0.229,-0.288,-0.038,-0.704,-0.074,-0.081,-0.116,-0.093,-0.435,-0.208,-0.34,-0.505,0.058,-0.022,-0.005,0.107,-0.211,0.033,0.058,-0.039,0.279
-0.484,-0.158,-0.733,0.153,-0.334,0.178,-0.309,-0.067,0.058,-0.083,0.029,-0.109,-0.311,0.147,-0.316,0.446,-0.173,0.173,0.071,-0.135,-0.029,-0.17,0.124,-0.116,-0.212,0.03,-0.088,0.105,-0.326,-0.194,-0.153,-0.377,0.044,-0.091,0.565,0.065,-0.204,0.657,0.202,-0.155,0.1,-0.415,-0.285,-0.102,0.289,-0.062,-0.057,-0.313,-0.021,0.072,0.079,-0.143,0.182,0.462,0.017,0.072,-0.093,-0.375,-0.189,-0.33,-0.302,-0.259,-0.09,-0.342,-0.201,-0.22,0.01,-0.272,-0.276,-0.447
0.091,0.097,0.034,-0.183,-0.095,-0.081,-0.081,-0.251,-0.086,0.264,-0.32,-0.206,-0.154,-0.272,-0.122,-0.237,-0.177,-0.004,0.282,-0.096,0.064,-0.133,-0.811,-0.082,0.067,-0.138,0.002,0.371,-0.224,0.029,-0.157,-0.126,-0.35,-0.143,-0.362,-0.412,-0.405,-0.568,0.319,-0.039,-0.354,-0.349,-0.078,0.039,0.091,0.082,-0.179,-0.437,-0.161,-0.067,-0.169,-0.101,-0.503,-0.422,0.008,0.235,-0.146,-0.276,-0.135,-0.116,-0.006,-0.218,0.444,-0.103,0.038,-0.196,-0.077,-0.425,-0.091,0.385
0.266,-0.208,-0.123,-0.147,0.074,-0.611,-0.094,0.284,-0.174,0.149,0.219,0.544,0.288,-0.023,0.385,-0.302,0.771,-0.209,-0.126,0.733,-0.357,0.235,-0.981,0.187,-0.17,0.051,0.015,-0.232,0.159,0.849,0.564,0.469,0.402,-0.061,-0.649,0.205,0.37,-0.734,-0.209,0.171,-0.01,0.082,0.263,0.15,0.003,-0.068,0.311,0.17,0.117,-0.104,0.238,0.368,0.619,-0.392,0.487,-0.217,0.305,0.088,-0.233,0.092,0.375,0.119,-0.176,0.339,0.404,0.553,0.173,0.376,-0.114,-0.089
-0.066,-0.025,0.092,0.045,0.012,-0.018,0.094,0.146,-0.114,-0.216,0.066,-0.009,-0.042,0.038,0.077,0.037,-0.032,-0.307,-0.002,-0.014,-0.307,-0.084,0.004,-0.012,0.077,-0.122,-0.078,-0.189,0.04,-0.096,-0.199,-0.118,0.056,0.475,-0.547,-0.074,-0.29,-0.181,-0.1,-0.09,-0.017,-0.319,-0.166,-0.021,-0.155,0.01,-0.03,-0.083,0.15,-0.117,-0.002,-0.207,-0.499,0.178,-0.127,0.006,-0.015,0.4,-0.074,0.383,-0.373,0.074,-0.243,-0.033,-0.381,-0.324,-0.069,-0.231,0.14,0.054
0.021,-0.097,0.084,-0.112,0.078,-0.178,0.172,-0.271,-0.023,0.189,-0.081,-0.071,0.137,0.027,-0.033,-0.365,-0.151,-0.12,-0.078,-0.107,-0.181,0.165,-0.014,-0.03,0.079,0.204,-0.065,-0.049,0.055,-0.068,-0.133,0.019,0.293,0.108,0.212,-0.04,0.196,-0.371,-0.086,0.023,-0.163,-0.236,0.022,-0.076,-0.163,0.251,-0.069,-0.243,-0.011,0.002,0.143,-0.072,0.314,-0.331,0.159,0.05,-0.164,-0.018,-0.075,-0.035,-0.577,0.153,0.186,-0.008,0.064,-0.031,0.073,-0.253,-0.03,-0.2
0.257,-0.449,0.035,-0.277,0.65,-0.411,0.147,0.539,-0.228,-0.058,-0.108,0.561,0.538,-0.188,0.296,-0.455,0.574,-0.162,-0.155,0.512,-0.364,0.44,-1.29,0.024,-0.25,-0.11,0.043,-0.414,0.087,0.596,0.454,0.423,0.094,-0.401,-0.585,0.586,0.234,-1.061,-0.41,0.301,0.063,0.278,0.953,-0.127,-0.263,0.349,0.256,-0.014,0.199,-0.342,0.411,0.671,0.652,0.041,0.196,-0.363,0.411,-0.367,0.32,-0.237,0.885,-0.013,-0.132,0.308,0.111,0.616,0.135,0.506,-0.342,0.265
0.701,-0.094,-0.797,-0.026,-0.037,-0.053,-0.308,-0.24,0.062,0.357,-0.103,0.2,0.213,-0.075,-0.041,-0.244,0.203,-0.11,-0.122,0.14,-0.093,0.175,-0.248,-0.127,-0.117,0.186,0.014,0.126,-0.264,0.089,0.003,0.158,0.05,0.066,0.003,-0.109,-0.262,-0.988,-0.329,-0.107,0.004,0.252,0.089,-0.124,0.392,-0.083,0.161,-0.017,0.078,0.043,0.157,-0.147,0.206,-0.592,0.307,-0.045,-0.083,-0.403,-0.057,-0.345,-0.189,-0.103,-0.115,0.263,-0.13,0.096,0.042,-0.088,-0.188,-0.209
-0.017,0.041,0.135,-0.094,-0.132,-0.046,0.221,-0.271,-0.238,0.036,0.557,-0.448,-0.201,0.165,0.263,-0.271,-0.61,-0.084,0.035,-0.24,-0.113,-0.004,0.783,-0.026,0.06,0.142,-0.31,-0.038,0.023,-0.052,0.115,-0.117,0.043,0.008,-0.301,0.094,-0.199,-0.368,0.025,0.048,0.23,0.194,-0.143,0.012,-0.025,-0.034,0.013,0.561,0.274,-0.189,-0.024,-0.128,-0.524,-0.214,-0.125,-0.166,0.134,-0.288,0.1,-0.149,-0.154,-0.09,0.048,0.228,0.219,-0.031,0.122,0.077,0.093,-0.042
-0.35,0.119,-0.141,-0.111,0.007,0.286,0.006,-0.026,0.121,-0.011,0.308,-0.218,-0.122,0.007,-0.225,-0.192,-0.183,0.009,0.107,-0.159,0.048,-0.172,0.359,-0.053,0.015,-0.24,0.021,-0.197,-0.21,-0.037,-0.211,-0.212,0.097,-0.218,0.108,0.003,-0.141,-0.112,-0.254,-0.198,-0.242,-0.203,-0.177,-0.019,-0.03,-0.079,-0.278,0.118,-0.161,0.138,-0.055,-0.146,0.033,-0.078,-0.178,-0.146,-0.162,-0.213,-0.041,-0.146,-0.153,-0.065,-0.231,-0.143,-0.039,-0.196,0.095,-0.161,-0.207,-0.249
-0.294,-0.164,-0.453,0.028,0.037,0.011,-0.394,0.338,-0.058,0.13,0.359,-0.144,-0.212,-0.22,0.048,0.123,-0.226,0.027,0.156,-0.094,-0.158,-0.035,-0.33,0.102,-0.001,-0.087,0.134,0.088,0.001,-0.116,0.39,-0.243,0.067,0.169,-0.506,0.121,0.073,-0.552,0.022,0.32,0.092,-0.182,-0.225,-0.027,-0.23,0.054,0.286,-0.406,-0.138,-0.031,-0.308,0.299,-0.07,0.072,0.148,0.117,0.138,0.534,-0.005,0.501,-0.307,-0.253,-0.107,-0.36,0.151,-0.44,0.453,0.148,0.171,0.257
-0.396,0.097,-0.003,-0.222,0.35,-0.039,0.184,0.085,0.14,0.178,-0.186,-0.035,0.111,0.083,-0.025,-0.248,-0.052,-0.053,-0.031,-0.016,0.002,0.128,-0.886,0.019,0.106,-0.386,0.413,-0.178,0.547,-0.056,-0.205,0.007,-0.094,0.295,-0.242,-0.166,-0.435,-0.37,0.019,-0.027,-0.142,0.443,0.161,0.096,-0.097,-0.036,0.03,-0.046,-0.092,0.151,0.361,-0.139,-0.08,-0.157,0.207,-0.008,-0.034,-0.164,0.016,-0.133,0.076,-0.168,-0.178,-0.077,0.623,0.425,0.038,0.171,0.195,-0.004
-0.063,-0.069,-0.251,0.011,0,-0.358,-0.307,-0.002,-0.145,0.144,0.072,0.321,0.222,-0.221,0.579,-0.46,0.636,-0.116,-0.116,0.409,-0.208,-0.006,-0.806,-0.127,-0.06,-0.222,-0.051,-0.275,-0.045,0.636,0.405,0.479,-0.366,-0.248,-0.409,-0.077,-0.034,-0.406,-0.113,0.147,-0.346,-0.212,0.212,0.15,-0.146,-0.175,-0.028,-0.226,0.527,-0.043,0.013,0.249,0.778,-0.23,0.119,-0.181,0.206,0.318,0.226,0.406,0.349,0.297,-0.345,0.181,0.096,0.2,0.09,0.224,0.039,-0.101
0.776,0.058,-0.173,-0.118,0.014,0.13,-0.27,-0.017,-0.286,0.308,-0.116,0.313,0.088,0.156,-0.17,-0.204,0.185,-0.032,-0.046,0.19,-0.02,0.066,-0.122,-0.25,0.348,-0.237,-0.214,-0.038,0.075,-0.088,-0.159,0.107,-0.133,-0.484,0.177,-0.042,-0.406,-0.589,0.031,0.032,0.582,0.39,0.062,0.36,-0.222,0.018,0.038,-0.117,-0.006,-0.241,0.277,-0.023,-0.222,-0.286,0.146,-0.132,-0.06,-0.213,-0.073,-0.195,-0.129,0.147,-0.314,0.114,0.037,-0.126,0.036,0.146,0.514,0.446
-0.162,-0.087,-0.582,-0.385,-0.15,-0.389,0.774,-0.211,-0.108,-0.437,0.325,-0.294,-0.461,0.11,-0.186,-0.287,-0.278,-0.229,-0.283,-0.248,-0.318,-0.19,-0.86,0.15,-0.073,0.3,0.157,-0.249,-0.054,-0.348,-0.176,-0.48,0.057,-0.515,-0.031,-0.267,-0.238,-0.16,-0.065,-0.045,-0.167,0.299,-0.57,-0.102,0.012,-0.062,-0.221,0.337,-0.026,-0.083,-0.511,-0.237,0,-0.37,-0.192,-0.264,-0.15,0.181,-0.17,0.178,0.788,0.376,-0.187,-0.475,-0.265,-0.505,0.118,-0.532,-0.672,-0.12
0.286,-0.196,0.289,-0.068,-0.153,-0.156,-0.155,-0.101,-0.316,0.044,-0.001,0.272,0.166,-0.026,0.467,0.096,0.282,-0.255,-0.285,0.246,-0.124,0.221,-0.794,0.182,0.244,0.022,0.122,-0.283,0.379,0.134,0.185,0.232,0.109,-0.081,-0.402,0.174,0.438,-0.742,-0.188,0.036,0.239,0.123,-0.035,0.107,-0.209,-0.051,0.219,-0.138,0.329,-0.248,0.196,0.084,0.238,-0.177,-0.002,-0.151,0.104,0.043,0.031,0.032,0.492,0.155,-0.158,0.116,0.053,0.021,0.035,-0.149,0.214,-0.007
-0.034,-0.041,-0.237,0.042,-0.09,-0.101,0.561,0.614,-0.336,-0.325,0.287,-0.035,-0.063,0.176,0.155,-0.444,-0.085,-0.033,-0.348,-0.039,-0.217,-0.041,-0.733,0.136,0.231,0.22,-0.198,-0.335,0.297,-0.091,0.09,-0.163,0.134,0.792,-0.543,0.181,0.679,-0.876,-0.205,-0.048,0.225,-0.101,-0.117,0.16,-0.13,0.104,-0.062,0.679,0.091,-0.303,-0.22,0.023,-0.538,0.05,-0.046,-0.157,0.168,-0.376,-0.011,-0.267,0.175,0.068,-0.196,-0.115,-0.182,0.051,-0.184,0.03,0.217,0.038
0.049353,0.07229,-0.208182,0.009512,0.038958,-0.147657,-0.14867,-0.015076,-0.20243,0.116697,-0.199848,0.144967,0.15689,-0.073403,-0.036136,-0.369169,0.122595,-0.009501,0.070112,0.060207,-0.022966,0.02567,0.229903,-0.17282,-0.114961,-0.192118,-0.025022,-0.151626,-0.049893,0.232732,-0.170582,0.114117,0.087805,-0.076082,-0.011847,-0.10838,-0.21326,-0.465919,-0.049161,-0.057892,-0.189201,0.057321,0.100127,-0.030287,0.047703,0.066536,-0.04874,-0.329785,-0.146579,-0.058509,-0.012055,-0.064094,-0.532493,0.016771,0.028133,-0.030765,-0.10039,-0.189023,-0.001324,-0.121783,-0.104526,-0.100594,-0.077075,0.164031,-0.106484,-0.077019,-0.043902,0.05635,-0.149413,-0.005804
0.05257,-0.000587,-0.30477,0.032772,0.10178,0.08524,0.098784,0.102454,-0.143313,0.088045,0.227415,0.044815,0.022034,-0.039546,0.146886,-0.250244,0.196103,0.029486,0.185139,0.017801,-0.069173,-0.099376,0.292383,-0.1672,-0.143063,-0.021126,-0.203506,-0.160311,-0.025193,0.217185,-0.15328,0.110987,0.022516,-0.039387,-0.090737,-0.217906,-0.034453,-0.610368,-0.065622,-0.139337,-0.234306,0.000056,-0.027484,-0.014478,-0.007807,-0.116821,-0.089587,-0.251875,-0.151,-0.163207,-0.141983,-0.068138,-0.318436,-0.207838,-0.138628,0.18243,-0.070971,-0.073216,0.006235,0.011851,-0.094911,-0.11389,-0.062071,0.114585,0.021255,0.054663,-0.048978,0.212416,-0.170734,-0.196036
-0.229374,0.048811,0.136662,-0.097391,0.016211,0.24423,-0.040659,-0.046023,0.113921,0.023226,-0.062987,-0.040094,-0.13418,-0.107016,-0.197316,-0.095756,-0.155671,-0.015594,-0.039174,-0.144352,0.043388,-0.201549,0.442412,-0.031267,0.217486,-0.204068,0.009286,-0.131258,0.094546,-0.253724,-0.24567,-0.048741,0.094914,-0.010677,0.073005,-0.045173,-0.144116,-0.119799,-0.185681,-0.028622,-0.209626,-0.182405,-0.091576,0.052306,-0.017432,-0.079,-0.183217,0.12529,-0.046637,0.074015,-0.027909,-0.138243,-0.083283,-0.113528,-0.059957,0.029598,-0.063125,-0.197568,-0.046984,-0.127071,-0.057279,0.0132,0.052674,-0.109377,-0.203077,-0.166278,0.065542,-0.170341,-0.114185,-0.28887
-0.356332,-0.044718,-0.140348,0.070556,-0.140863,0.001042,-0.179693,-0.198046,-0.026212,0.044315,-0.025732,-0.008068,0.017816,-0.305903,0.029682,-0.042478,0.018123,-0.078512,0.025028,-0.003897,-0.151827,-0.059328,-0.415601,-0.109259,0.04763,-0.171548,0.013602,-0.194174,-0.045846,0.069185,0.066477,0.030474,-0.044216,-0.005261,-0.465964,0.036354,0.24767,-0.626764,-0.128071,0.022343,-0.124436,-0.000114,0.003006,0.05145,-0.053347,-0.102742,-0.023308,-0.004487,-0.020992,-0.085166,0.056064,0.101921,-0.122887,-0.12632,-0.05555,0.039105,0.063789,0.069997,0.007103,0.056032,-0.052219,-0.091288,0.080413,-0.051533,-0.232427,-0.16447,-0.037794,-0.079385,0.142736,0.00537
-0.251152,0.023835,0.019465,0.055615,-0.197987,0.058954,-0.309614,-0.056927,0.039199,0.023726,-0.014766,-0.005069,-0.070125,0.061382,-0.015902,0.082754,0.135185,0.013406,0.131386,0.066573,0.043159,-0.230475,0.043367,0.059916,0.08415,0.174761,-0.292258,0.028567,-0.159242,0.084231,-0.051403,0.012032,0.151339,-0.107653,-0.073233,-0.077321,-0.109426,-0.149083,-0.088199,-0.053969,-0.287401,-0.108866,-0.228672,0.139038,0.022445,-0.214675,-0.143712,-0.168574,0.079558,0.080174,-0.307145,-0.224395,-0.683518,0.317758,-0.165922,-0.172606,0.085647,0.145635,-0.118422,0.125426,-0.059469,0.074672,-0.14971,-0.172318,-0.128223,-0.250594,0.020076,-0.100435,0.095906,-0.194162
-0.394443,-0.030562,-0.113606,0.02782,-0.084829,-0.033318,0.457758,0.086466,-0.067874,-0.029441,-0.105923,0.03171,-0.00948,0.151816,0.062555,-0.095145,0.06546,0.015391,-0.014622,-0.004194,-0.14564,-0.044267,-0.429088,0.070669,0.061006,-0.066703,0.013245,-0.101924,0.089692,0.094065,-0.025841,0.021725,0.059285,-0.016467,-0.048083,0.029707,0.114391,-0.287911,-0.012347,0.079663,-0.026504,0.026855,0.189138,0.040682,0.01983,0.045149,-0.010495,0.099975,0.006457,-0.159312,-0.105528,-0.023,0.160469,-0.233548,-0.012569,-0.144014,0.058977,-0.105915,-0.003122,-0.061837,0.056676,0.124643,0.321296,-0.028093,0.009661,0.085724,0.065705,-0.100159,-0.130951,-0.085249
-0.564677,-0.15054,-0.005016,-0.0767,-0.023623,-0.136764,-0.512407,-0.436521,-0.065353,0.095721,-0.24919,-0.024477,0.190466,0.011515,-0.131944,0.488622,-0.076619,-0.139731,0.001368,-0.039286,-0.17864,-0.146907,-0.446313,-0.065,0.03083,0.219402,-0.250574,0.143705,-0.24284,0.030465,-0.010088,0.069429,0.024834,0.080121,-0.120425,-0.059946,-0.295813,-0.71016,0.1073,-0.063224,0.151642,-0.24716,-0.105922,-0.068167,-0.048416,0.1063,-0.033403,-0.41097,-0.14515,-0.032387,0.135496,0.054711,-0.348623,-0.239683,0.009173,0.139138,-0.041889,-0.467297,-0.124852,-0.273454,-0.11508,-0.098542,0.350913,0.0327,-0.202797,-0.187205,-0.064497,-0.057535,0.203555,-0.072045
0.16453,0.083741,-0.184352,-0.02936,0.034797,0.003456,0.197286,-0.126653,0.138496,0.040026,0.255715,0.081656,0.176231,0.101262,0.153209,-0.365423,0.092112,-0.15369,0.03764,0.064988,-0.15212,0.018773,-0.782149,0.031777,0.123515,0.106772,0.114851,0.146018,0.397206,0.024129,0.058584,-0.106595,0.16089,0.166364,-0.131138,-0.04278,-0.341216,-0.662687,-0.145671,0.058292,0.23966,0.319055,0.08518,0.090266,-0.072054,0.053684,-0.073024,0.481,0.093184,0.093756,-0.040147,-0.021259,0.082475,-0.164186,0.045835,-0.059109,0.056771,0.461778,-0.017101,0.553885,0.181109,0.038838,-0.346107,0.085727,0.015886,0.044133,-0.002788,0.216362,0.09983,-0.040454
-0.711827,-0.082398,-0.075104,0.009436,-0.113199,0.026951,-0.279282,-0.271427,0.033022,0.219363,0.090803,0.25642,0.258576,-0.139714,0.040524,-0.253826,0.107512,-0.103759,0.100084,0.090527,0.068255,0.060118,-0.811291,-0.06973,0.098687,-0.243826,-0.115782,-0.137848,-0.099229,0.103265,0.200195,0.19081,-0.272016,-0.00616,-0.43631,-0.272549,0.014978,-0.726168,0.120105,0.000268,-0.064302,0.070037,0.216625,0.06251,0.046658,-0.087953,-0.143108,-0.36378,0.212402,0.124795,0.169546,0.110839,0.060273,-0.154057,0.037149,0.075115,-0.036258,-0.007546,-0.048692,-0.016588,0.004127,-0.182526,-0.001623,0.142853,-0.18925,-0.092446,-0.171707,0.255244,0.177425,-0.036454
-0.108655,-0.178517,-0.198334,0.183365,-0.0617,0.136925,-0.231219,0.015992,-0.11329,-0.118112,-0.100324,0.01046,-0.019304,-0.046703,-0.139027,0.2249,-0.050882,0.039665,0.057113,0.018397,0.053416,-0.131226,0.015762,0.036354,0.010291,0.013925,-0.047553,-0.042688,0.054627,-0.028769,-0.004625,-0.003446,0.036959,-0.083183,-0.115703,0.099979,-0.097926,0.113221,-0.078978,0.057523,-0.038685,-0.174486,-0.008073,-0.09711,-0.033312,0.049236,-0.041789,-0.191714,0.243835,-0.010398,-0.074798,-0.076537,-0.318004,0.084284,-0.091716,0.135038,0.018403,0.369131,-0.020422,0.130584,-0.075847,0.111429,0.051173,-0.226768,-0.140665,-0.371567,0.069929,-0.237521,0.023988,-0.158804
-0.188755,0.0502,0.512388,0.402881,-0.055278,0.189844,-0.301558,0.010422,0.037731,-0.105681,0.057571,-0.131168,-0.250461,-0.129749,0.101625,0.138085,0.082067,0.175324,0.094711,-0.03503,0.343205,-0.095659,0.168777,0.170192,-0.016617,0.165939,-0.318825,-0.20227,0.106806,0.041113,-0.206668,-0.087696,-0.004666,0.011422,0.006457,-0.072467,0.188638,-0.063122,0.131482,-0.187961,-0.20266,-0.215727,-0.149144,0.010507,0.051813,-0.164367,-0.034156,-0.111214,0.167494,0.167108,-0.243437,-0.227287,-0.657568,-0.405496,-0.162451,0.030323,0.097458,0.45305,-0.101764,0.444668,-0.247342,-0.067484,0.067443,-0.073634,-0.143539,-0.379643,-0.110498,-0.070511,-0.0864,-0.1454
-0.261505,0.064607,0.534638,-0.008713,-0.199361,0.312413,-0.39449,-0.225235,0.083502,-0.158702,-0.043605,-0.222273,-0.04772,0.005694,-0.041928,0.075123,-0.199638,0.058837,0.07622,-0.097448,-0.004967,-0.143619,0.16704,0.071338,0.016225,-0.190289,-0.165749,0.096544,0.141702,-0.264126,0.10944,-0.255768,-0.080919,-0.021987,-0.163805,-0.234154,-0.13864,-0.498002,0.232544,-0.128086,-0.249884,-0.103205,-0.205686,0.016606,-0.007211,-0.175222,-0.005538,-0.365294,0.059096,0.138028,-0.216499,-0.109845,-0.457808,0.011977,-0.123665,-0.13067,-0.052969,-0.161562,-0.033846,-0.085858,-0.198068,-0.053532,-0.166782,-0.140073,-0.069352,-0.352276,0.032296,-0.374846,-0.076868,-0.081589
0.247837,-0.062546,0.004693,0.207989,-0.014603,-0.020955,0.302463,0.156422,-0.247818,0.120277,0.268685,0.054119,0.077131,-0.127909,0.119345,-0.360271,0.241165,-0.003601,-0.093038,0.045726,0.134739,-0.063187,-0.912934,0.132215,0.234668,0.367979,0.295746,-0.376645,0.285481,0.112187,-0.051185,0.193595,0.109333,0.431831,0.349847,0.19774,0.540313,-0.633268,-0.207721,0.089928,-0.148982,0.001526,0.182643,0.104039,-0.019915,-0.039774,-0.006171,0.167451,0.294014,-0.17619,0.096844,0.020185,-0.106146,-0.231788,0.278047,0.252075,-0.016898,0.010725,0.090886,0.161603,0.175391,0.067128,-0.089875,0.187386,0.015122,0.042797,0.185794,0.148119,0.03757,-0.068111
-0.636633,-0.076763,-0.257346,-0.125138,-0.104076,-0.094474,-0.550093,-0.169013,-0.010794,0.242673,-0.162644,0.118047,0.13061,-0.024,-0.277372,0.037292,-0.020148,-0.086759,0.028483,0.035613,-0.295319,-0.005313,-0.460658,-0.24902,0.036763,0.150273,-0.011559,0.099112,-0.289774,0.056278,-0.053866,0.085604,0.022059,-0.059507,-0.060108,-0.109654,-0.236057,-0.675746,-0.030245,-0.06806,-0.062838,-0.152411,-0.057742,-0.022931,0.117322,0.271362,0.029592,-0.411846,-0.2148,-0.012688,0.020845,0.047968,-0.339599,0.138425,0.030178,0.045257,-0.00141,-0.420151,-0.183947,-0.284127,-0.163609,-0.005721,-0.009907,0.037001,-0.099457,-0.098531,-0.019643,0.128271,-0.120792,-0.152717
-0.493168,0.100263,-0.669,0.046376,0.065169,0.174835,-0.388372,-0.065907,0.101403,-0.120406,-0.131087,-0.212493,-0.349669,-0.129401,-0.113995,-0.03387,-0.281232,0.033692,0.016872,-0.124124,-0.127145,-0.182926,0.425785,-0.047847,-0.135065,-0.05823,-0.153478,0.119282,-0.161313,-0.111619,0.043239,-0.163635,-0.010804,-0.020529,0.122277,-0.228103,-0.261403,0.653976,0.127296,-0.112277,-0.127404,-0.085815,-0.211478,-0.044189,0.082585,-0.069977,-0.114398,-0.218016,-0.261817,0.106978,-0.311207,-0.117593,-0.602396,-0.042996,-0.22582,0.191358,-0.191869,-0.299125,0.037107,-0.201694,-0.048628,-0.165931,0.002524,-0.33103,-0.14758,-0.440048,-0.105505,-0.452776,-0.375893,-0.387781
0.112391,-0.163911,0.122896,-0.143671,0.092709,-0.471279,0.014548,-0.008056,-0.1673,0.188066,0.370049,0.075488,0.222414,-0.02455,0.123946,-0.300902,0.40838,0.375396,-0.223289,0.072971,-0.283428,-0.027962,-0.431086,0.022178,-0.067687,-0.135444,0.239455,-0.183483,-0.075969,0.2917,0.159889,0.129791,-0.046281,0.095622,-0.311475,0.273157,-0.32477,0.062137,-0.225325,0.19084,0.193264,0.112665,0.317123,-0.011569,-0.117717,0.385576,-0.06377,0.049517,-0.028378,-0.153617,0.211756,0.284027,0.357986,-0.263786,0.033563,-0.070259,0.062962,0.008015,0.136979,-0.272765,0.517436,-0.121548,0.000192,0.192531,0.308633,0.065626,0.104291,0.551059,-0.175678,0.031998
0.218519,0.084013,-0.327,-0.018757,-0.017842,-0.118218,-0.046496,-0.18513,-0.229599,0.096961,-0.060001,0.162342,0.046765,-0.279525,0.099175,-0.488765,0.206332,-0.197624,0.036949,0.100749,-0.074509,0.097812,0.091354,-0.155701,0.081103,-0.024576,-0.15829,-0.091816,-0.09004,0.47458,-0.120146,0.022058,0.170587,-0.073202,-0.340848,-0.012842,0.449257,-0.703367,-0.120857,-0.178549,-0.173996,0.243879,0.01206,0.001685,-0.077718,0.222341,0.04191,-0.510145,-0.172297,-0.230674,0.000871,-0.067828,-0.387111,-0.345241,-0.118394,-0.060954,-0.097793,-0.308798,-0.10739,-0.196116,-0.206648,-0.206478,-0.060511,0.070653,0.024608,0.090603,-0.178887,0.222376,-0.123795,0.195484
-0.1173,-0.009113,-0.118917,0.113533,-0.043141,0.159558,-0.266365,-0.038847,0.06394,0.024567,-0.06558,-0.106511,0.174895,0.012237,-0.142779,-0.117123,-0.159968,-0.013035,0.063337,-0.071647,0.079849,-0.002992,-0.591609,-0.064255,-0.103225,-0.482839,-0.092162,-0.108259,0.066035,0.123707,-0.161175,0.030837,-0.088566,-0.080345,-0.05379,0.041514,-0.366966,-0.64395,-0.18872,0.065637,0.010697,0.259134,0.026549,-0.009852,-0.003366,0.008506,-0.077199,-0.393508,0.108782,-0.011719,0.273672,0.198528,-0.183284,0.153034,-0.084857,-0.109162,-0.033022,-0.445141,-0.015919,-0.372393,-0.087403,-0.09184,-0.271691,0.226154,0.024391,-0.15855,-0.021085,0.112031,0.054906,-0.159486
0.388062,-0.29119,-0.14535,-0.197241,0.115471,-0.517606,-0.384036,0.048473,-0.170733,0.352699,-0.228898,0.268273,0.183747,0.263053,0.208065,-0.567577,0.239638,-0.263685,-0.405832,0.227639,-0.169482,0.209525,-1.108393,0.071295,-0.159761,0.447558,0.112931,-0.364057,-0.105112,0.203911,0.139446,0.38158,0.216368,0.272287,-0.372435,0.219086,0.342165,-0.626277,-0.46568,0.028992,0.209545,-0.101882,0.052242,-0.107069,-0.158282,0.26943,0.219903,0.242379,0.171641,-0.170259,0.440605,0.40036,0.556263,-0.364752,0.238471,-0.130116,0.380546,-0.221851,0.21517,-0.199529,0.733047,-0.023032,-0.519726,0.276696,0.287864,0.437149,0.136169,0.179174,0.106186,-0.056696
-0.837647,-0.067617,-0.250957,-0.013345,-0.045813,-0.157527,0.279415,-0.082871,-0.157592,0.182671,0.498586,0.05004,-0.023345,-0.014227,0.183605,-0.256447,0.05653,-0.10215,-0.04747,0.078971,-0.211632,0.213864,-0.567063,-0.018711,0.047054,-0.213618,-0.034868,-0.192611,0.021245,-0.021089,0.432977,0.030251,-0.002195,0.112438,-0.350695,0.002207,0.463517,-0.667456,-0.303581,0.033596,-0.034712,-0.087552,0.197515,-0.014572,-0.187433,0.026143,-0.158336,0.235405,0.297217,0.078631,0.189131,0.168094,0.073288,-0.177169,0.217459,0.055203,0.147082,-0.199964,0.131184,-0.16422,0.066533,-0.047298,0.142078,0.019373,-0.092935,-0.154414,-0.148463,0.077633,0.043709,0.059203
-0.005718,0.039289,-0.200079,0.072351,-0.019857,0.003446,-0.005109,0.061532,0.057718,0.044073,0.129376,-0.105753,0.031044,-0.078497,0.01792,-0.209155,-0.055633,-0.015695,0.023141,-0.041872,-0.222327,-0.029222,-0.521236,0.02672,0.02827,0.08578,0.077212,-0.016692,0.026316,-0.058044,0.024961,-0.091916,0.050721,-0.053024,0.030509,-0.001564,-0.127553,-0.2951,-0.054431,0.047792,0.181855,0.065658,0.014502,0.031739,-0.14051,0.020758,0.056345,0.085081,-0.02577,0.143679,0.013155,-0.029919,0.074719,-0.133166,0.094584,-0.069146,0.040238,0.199514,-0.013967,0.361642,-0.101828,-0.087672,0.390969,-0.045645,0.018949,-0.092563,0.193806,0.157665,0.006084,-0.135405
0.074251,-0.152444,0.163371,-0.060612,0.072772,-0.588495,0.142704,-0.002708,-0.195588,0.037703,0.028407,0.399703,0.115265,-0.015269,0.145008,-0.247945,0.484215,-0.157098,-0.108458,0.314421,-0.217857,-0.057622,-1.024119,0.01971,-0.079432,-0.110336,-0.073969,-0.217018,0.100274,0.291257,0.314058,0.284327,-0.087091,0.042197,-0.378961,0.264253,0.345822,-0.462543,-0.251025,0.164705,0.124371,0.040339,0.317886,0.332676,-0.051023,0.412703,-0.01384,0.170203,0.215275,-0.201959,0.056343,0.268262,0.540334,-0.458798,0.05018,-0.234636,0.186137,-0.042332,0.118806,-0.042541,0.226068,0.084855,0.023215,0.449137,0.143121,0.10716,0.331352,0.219114,0.030556,-0.162831
0.089162,-0.023247,-0.534306,-0.115845,-0.024409,-0.137157,0.453002,0.270528,0.041102,-0.157028,0.022378,0.098985,0.077934,0.171367,0.140392,-0.290268,0.05459,-0.220661,-0.039335,0.195815,0.030872,0.042595,-0.362679,0.12108,0.178985,0.053127,-0.08407,-0.063,0.341508,0.15789,0.12712,-0.021441,0.028031,0.12295,-0.15986,0.092146,0.492392,-0.602074,-0.116185,-0.00169,0.227421,0.410097,0.185359,-0.008542,0.032038,0.086542,-0.115564,-0.235048,-0.126368,-0.034744,-0.216588,0.091777,-0.465555,-0.143045,0.042627,-0.052622,-0.005603,1.06214,0.026219,0.905513,0.258491,-0.315943,0.149588,0.11418,-0.002286,0.039236,-0.087657,0.207632,-0.181344,0.143298
-0.386274,-0.011197,-0.054818,0.141427,-0.148808,0.165956,-0.198769,-0.038271,-0.08526,-0.020031,0.062078,0.016605,-0.119542,-0.152968,-0.116404,0.14428,0.015436,0.077014,0.161467,-0.010954,0.073876,-0.191551,0.06108,0.045137,0.004567,0.111667,-0.063829,0.019874,-0.071089,-0.115882,-0.152712,0.012291,0.077074,-0.055762,-0.125896,-0.032131,-0.111128,0.186235,-0.268887,-0.036353,-0.072118,-0.152824,-0.199018,0.048801,-0.011059,-0.016832,-0.03977,-0.184678,0.076037,0.00176,-0.255144,-0.162136,-0.482243,0.076056,-0.096671,0.140781,0.021219,0.152395,-0.104264,0.091373,-0.062258,0.040788,-0.026305,-0.261893,-0.072444,-0.349656,-0.000351,-0.262472,-0.110576,-0.142772
0.214262,-0.053386,-0.343472,0.054813,-0.245905,-0.114846,-0.17822,0.284489,-0.355487,-0.008489,-0.099918,-0.347628,-0.000615,0.307739,0.375688,-0.203185,-0.317157,-0.109268,-0.299765,-0.039259,-0.045421,0.055689,-0.707653,0.083767,0.039738,0.147061,0.277701,-0.276378,0.126877,-0.018293,-0.079635,0.076567,0.102977,0.196945,-0.305371,0.267939,0.045557,-0.428761,-0.28189,0.264524,0.007737,0.14988,-0.003851,0.027242,-0.049189,-0.106243,0.025723,0.672832,-0.107157,-0.266401,-0.005409,0.018341,0.017007,-0.168646,0.006162,-0.103451,0.012739,-0.37804,0.1147,-0.217546,0.182073,0.092341,-0.215347,0.012204,-0.049437,-0.027546,0.053368,-0.118703,0.261489,-0.197412
-0.092235,0.08682,-0.23957,0.11036,-0.097644,0.05062,-0.216692,0.074842,0.059237,-0.038152,-0.111974,-0.121149,-0.182716,0.032626,0.001575,0.101275,-0.046318,0.028101,-0.023632,-0.022799,0.016012,-0.038279,-0.273056,-0.018257,-0.00794,-0.098683,-0.016905,-0.073738,-0.067577,0.231176,0.030662,-0.091798,0.031575,-0.064129,0.038733,0.043757,-0.207246,0.078761,0.017954,-0.111608,-0.029074,0.041301,-0.098072,0.154268,0.012415,-0.049429,0.160777,0.104434,-0.013566,0.015733,-0.046228,-0.041983,-0.292673,-0.045174,-0.168818,-0.060986,0.03997,0.119955,-0.035744,0.080798,-0.058314,0.012575,0.168422,-0.178851,0.018466,-0.131489,-0.077591,-0.099746,-0.080809,-0.182832
-0.388061,0.105549,-0.385793,0.178411,-0.111639,0.090257,-0.345679,-0.118994,-0.019525,0.116053,-0.154549,0.109511,0.143008,0.030813,0.147715,-0.060809,0.11961,-0.098169,-0.03273,0.074998,-0.101677,-0.043943,-0.835031,-0.051172,0.10545,-0.229313,-0.144047,-0.137912,-0.125866,0.046146,0.201421,0.071203,0.027341,0.094836,-0.009662,-0.2655,-0.035235,-0.580863,-0.055073,0.013465,-0.137553,-0.145814,0.155549,0.088263,-0.025462,-0.09837,-0.133621,-0.244385,-0.049333,0.087466,0.140988,-0.036046,-0.201194,-0.183658,0.156269,-0.017552,0.136571,0.156185,0.357371,0.296487,-0.173033,-0.021648,-0.007316,0.156956,-0.271221,0.052688,-0.143331,-0.031114,0.043342,0.023113
-0.491838,0.123413,-0.669,0.049315,0.002926,0.227321,-0.417864,-0.083012,0.121393,-0.093374,-0.131058,-0.121436,-0.258312,-0.182806,-0.12911,-0.030088,-0.222231,0.008246,-0.106972,-0.107282,0.007992,-0.188999,-0.151591,-0.050786,-0.158037,-0.065019,-0.156039,0.103289,-0.1477,-0.227059,-0.047317,-0.051166,-0.054983,-0.021866,-0.061584,-0.233822,-0.221544,0.644822,0.12404,-0.084196,-0.135853,-0.040843,-0.260047,-0.044146,0.080008,-0.002814,-0.189742,-0.215067,-0.120815,0.169675,-0.328351,-0.115215,-0.552716,-0.027172,-0.179097,0.203997,-0.112385,-0.317112,0.051291,-0.200733,0.109996,-0.249642,0.078638,-0.254222,-0.148153,-0.430758,0.043844,-0.404535,-0.165683,-0.272284
-0.288107,0.176937,-0.500481,-0.115368,-0.080177,0.023346,-0.015488,0.085132,-0.070214,-0.016797,0.364579,-0.085575,-0.184963,-0.31502,0.18344,-0.069779,0.005984,0.514532,-0.209445,0.058099,-0.114711,-0.128487,-0.900743,0.013136,0.103398,0.500051,-0.120658,-0.207926,-0.079402,-0.115988,0.198185,-0.069874,-0.153814,0.306587,-0.383772,-0.389264,0.28521,-0.580935,-0.078935,-0.058646,-0.217177,0.264837,0.066265,0.063008,-0.02263,-0.128413,-0.111678,0.06884,-0.053568,0.03841,-0.004179,0.094385,-0.188488,-0.164088,0.144944,0.000753,0.056908,-0.186116,0.119827,0.039253,0.053997,-0.12033,-0.000525,0.107461,-0.172497,0.002794,-0.147801,-0.065559,0.122479,-0.002535
-0.012892,0.000222,-0.306372,0.030349,-0.023783,0.04243,0.021126,-0.017916,0.099184,-0.022365,-0.05199,-0.041615,0.201826,-0.112387,0.108951,-0.101123,-0.025218,0.121147,0.021507,-0.0407,-0.011153,0.061962,-0.238469,-0.084841,-0.072028,-0.006278,-0.04834,-0.15257,-0.116671,-0.020129,0.012791,0.071902,-0.133358,-0.115399,0.004519,-0.375536,-0.152748,0.131008,-0.045266,-0.115336,0.031314,0.323659,0.075476,0.079164,0.014986,0.020599,0.098553,-0.272956,0.180117,-0.075714,0.047942,-0.034914,-0.058285,0.039978,0.110477,0.039872,0.04817,0.116022,0.076185,0.088838,-0.065054,-0.219357,0.166912,0.14389,-0.002886,0.172449,0.062648,-0.021274,-0.007308,-0.096012
0.332148,-0.011244,-0.546145,-0.133486,0.133343,-0.416833,-0.263691,0.02692,-0.16606,0.254174,0.231257,0.210706,0.048884,0.206921,0.67806,-0.422916,0.243485,-0.051106,-0.113084,0.142056,-0.226655,0.202466,-1.077948,0.202663,-0.064173,0.241087,0.16775,-0.39615,-0.025641,0.036748,0.115946,0.237173,0.042062,0.198052,-0.464865,0.20511,0.397458,-0.713486,-0.273472,0.212664,0.082874,0.037221,0.317798,0.306981,-0.160446,0.239099,0.517895,0.311326,0.068906,-0.062123,0.381888,0.281761,0.702304,-0.362525,0.45818,-0.181178,0.360336,-0.268857,0.179918,-0.222624,0.725985,0.205052,-0.164652,0.285387,0.42783,0.574712,0.174523,0.133492,0.032589,0.044118
0.339961,0.007174,-0.55011,-0.039623,-0.014304,-0.212849,-0.293621,-0.030503,-0.157942,0.282788,-0.202229,0.228583,0.193891,0.004768,-0.029622,-0.121623,0.167635,-0.059029,-0.096007,0.128969,0.113674,0.126759,0.007529,-0.123079,-0.096426,0.476938,0.001844,0.200679,-0.184561,0.101397,-0.003881,0.059545,0.106992,0.120607,-0.300654,-0.109755,-0.281453,-1.014896,-0.072815,-0.038524,0.013344,0.100259,-0.050468,-0.098016,0.248793,-0.04823,0.123777,0.300285,0.00228,-0.038504,0.142456,0.147332,0.160822,-0.425285,0.111749,0.451191,-0.063537,-0.564209,0.125372,-0.458128,-0.235171,-0.095994,-0.104165,0.23998,0.034971,-0.001443,-0.134818,0.002765,-0.163105,-0.254889
0.382967,-0.238944,0.053882,-0.12272,-0.120177,-0.223574,-0.259315,-0.043469,-0.297543,0.201757,0.020451,0.318593,0.129308,0.162026,0.286741,0.04327,0.283239,-0.269556,-0.361268,0.266739,-0.0314,0.221,-1.043386,0.169117,0.00696,0.086048,0.08789,-0.292958,0.12442,0.171372,0.147533,0.316769,0.110175,0.069892,-0.370494,0.204687,0.42262,-0.721706,-0.200079,0.097101,0.227939,0.059888,0.230495,0.304908,-0.198904,0.148846,0.374567,0.325883,0.316353,-0.233835,0.228957,0.326698,0.553894,-0.188069,0.028382,-0.148371,0.184096,-0.018469,0.11474,-0.109858,0.729597,0.198368,-0.212689,0.177403,0.371162,0.183762,0.136692,0.070746,0.119013,0.130007
-0.409631,-0.029879,-0.177153,-0.022864,-0.122496,-0.211629,0.019057,-0.255493,-0.007434,0.162935,0.335535,-0.090704,0.063917,-0.2974,0.114458,-0.185059,-0.012229,-0.125566,0.033196,0.033542,-0.226323,-0.056687,-0.629423,-0.162456,0.030399,-0.177279,-0.150528,-0.292285,-0.099776,0.242569,0.146502,0.020044,-0.089033,0.08423,-0.319511,-0.238718,-0.189879,-0.869791,-0.121826,0.000568,-0.037066,-0.097785,0.150985,0.036952,0.041053,-0.090683,0.228296,-0.122405,0.155308,0.099642,0.003589,0.13258,-0.157963,-0.218978,0.005227,-0.05257,0.090777,-0.059821,0.432916,0.0537,-0.208386,-0.078544,0.049216,-0.025647,-0.300845,-0.224947,-0.16268,-0.074951,0.015493,-0.015982
0.260713,-0.165362,0.07645,0.165073,0.040884,-0.305326,0.329293,0.193505,-0.230581,-0.025626,0.087451,0.483421,0.072516,0.04424,0.153991,-0.373553,0.444929,-0.098606,-0.291563,0.239735,-0.158077,-0.046402,-0.972179,0.057857,0.149356,-0.090104,-0.089142,-0.359315,0.259753,0.294374,0.015549,0.348553,0.090794,0.448394,-0.098365,0.12808,0.508885,-0.398357,-0.236996,0.111218,-0.02512,0.020069,0.147321,0.370385,-0.054858,-0.023816,-0.013765,0.233028,0.324904,-0.209083,0.000733,-0.089659,0.374978,-0.426846,0.085941,-0.257805,0.216321,-0.041071,0.099963,0.042657,0.180344,0.319157,-0.01187,0.38148,0.069607,0.154362,0.225919,-0.007788,0.201125,-0.013263
-0.517362,0.012889,0.347337,-0.178374,-0.054245,-0.239303,-0.059424,-0.168553,-0.010089,-0.012432,-0.35462,-0.148856,-0.341534,0.000763,-0.418348,-0.619764,-0.232066,0.087846,0.006767,-0.179266,-0.172873,-0.197652,-0.414552,0.115658,-0.198617,-0.065738,-0.053166,0.077403,0.027413,-0.171944,0.059119,-0.290924,0.064674,-0.006946,0.210194,-0.050358,-0.218753,0.712292,0.061156,0.0528,0.087837,-0.29378,-0.280177,-0.036419,0.054918,-0.092764,-0.066016,-0.216636,-0.257527,0.005221,-0.322549,-0.083644,-0.517468,-0.230452,-0.181961,0.132289,0.037316,-0.345862,0.14331,-0.227908,-0.091321,-0.331979,-0.073467,-0.3389,-0.14914,-0.50044,-0.087778,-0.384889,-0.259795,-0.200917
0.16212,-0.197863,0.145976,-0.014567,-0.130619,-0.147076,-0.147521,-0.080613,-0.303266,0.405532,0.079989,0.145756,0.21483,0.010832,0.445479,0.077521,0.237156,-0.101216,-0.256451,0.142305,-0.013646,0.197063,-0.839838,0.008783,0.209773,0.346024,0.241684,-0.264274,-0.00056,0.146989,0.14519,0.203425,0.045209,0.066007,-0.407856,0.097117,0.441647,-0.693418,-0.176017,-0.05828,0.163738,-0.138084,0.118086,0.17237,-0.13633,-0.019461,0.302591,-0.376995,0.342552,-0.208373,0.145411,0.165401,0.217555,-0.094873,0.125016,0.043508,0.10201,0.053986,0.05056,0.126243,0.376683,0.15413,-0.170962,0.202488,0.053,0.130889,0.046886,0.462238,0.11548,0.048513
0.25111,-0.065026,-0.214535,-0.012694,0.0325,-0.464113,0.042088,0.224709,-0.353081,0.096476,0.078493,0.340038,0.094208,-0.012656,0.086899,-0.243214,0.493265,-0.370111,-0.080754,0.32432,-0.166123,0.171373,-0.994123,0.154333,0.069774,-0.020977,0.192057,-0.104734,0.09288,-0.016441,0.084724,0.28671,-0.083821,0.063411,-0.367438,0.095775,0.376093,-0.385158,-0.22371,0.11894,0.010933,0.017357,0.286997,0.154968,-0.085001,0.043593,0.165091,0.218831,0.31359,-0.222059,0.192601,0.198289,0.544848,-0.458491,0.32177,-0.216296,0.325458,-0.182669,0.15602,-0.093923,0.148129,0.256434,-0.140434,0.353805,0.017577,0.3183,0.213591,0.060092,-0.028725,-0.050671
0.143454,0.07179,-0.231038,-0.008029,-0.006123,-0.067047,0.352348,-0.13031,-0.170911,0.176499,0.41454,0.023325,0.073822,0.103138,0.100368,-0.370562,0.214457,-0.147544,-0.346027,0.137876,-0.066666,0.017669,-0.484358,-0.013423,0.035291,0.376182,-0.334885,-0.052324,-0.081918,0.120402,0.011508,0.087288,0.117075,-0.212371,-0.136488,-0.191033,-0.049468,-0.546049,-0.01873,0.008147,0.435467,0.30887,0.04109,0.035663,0.031365,0.126018,0.00039,-0.320287,0.084686,-0.097959,-0.062403,0.109637,-0.505749,-0.205919,-0.009988,0.125337,-0.028646,0.205207,-0.046979,0.132724,0.057062,-0.15605,0.194933,0.117354,-0.041391,0.324377,0.159654,0.493114,0.235909,0.217358
0.259317,-0.185327,0.114259,0.081098,0.057157,-0.175308,0.141064,0.205417,-0.252863,-0.043091,0.19828,0.363323,0.035296,0.074343,0.154419,-0.094671,0.460635,-0.174303,-0.279435,0.290093,0.001786,-0.029763,-0.9745,0.054976,0.258645,-0.011415,-0.090206,-0.180736,0.229347,0.265927,0.223397,0.333918,0.032821,0.375577,-0.145479,0.130394,0.527183,-0.518142,-0.236488,0.095026,-0.029324,0.038359,0.17871,0.402321,-0.051413,-0.048793,-0.01559,0.220234,0.323843,-0.153007,0.016208,0.001843,0.246731,-0.459331,0.25764,-0.149682,0.219924,-0.033822,0.090429,0.02569,0.16536,0.265707,-0.009343,0.124463,-0.004903,0.201139,0.199752,-0.086126,0.059591,-0.016625
-0.639394,-0.038121,-0.483859,0.156312,0.039943,-0.109246,-0.425392,-0.222062,-0.133599,0.322492,-0.004145,-0.001964,0.185796,-0.356472,-0.288378,-0.257874,0.053644,0.168054,0.030588,0.033314,0.36815,0.185651,0.373829,0.035117,-0.090539,-0.220762,-0.131731,0.025373,-0.010222,0.284965,-0.233346,0.172558,-0.295566,-0.240742,0.091289,0.180799,-0.199168,-0.577339,-0.006705,0.148177,0.05856,0.19099,0.108522,-0.129313,-0.078592,0.076268,0.04524,-0.043108,-0.017155,-0.045298,0.312052,0.150617,-0.0646,0.251281,0.065923,-0.003417,-0.080598,-0.198841,-0.091661,-0.255897,-0.238906,-0.254494,-0.277533,0.415442,0.15279,0.117791,0.231076,0.182272,-0.083005,-0.332069
0.148653,0.198974,-0.103755,0.020657,-0.095959,0.013444,0.005309,-0.126944,0.045331,0.11657,-0.124193,-0.108909,0.022644,-0.136768,-0.045148,-0.178679,-0.122503,0.040254,-0.048125,-0.077314,-0.127894,-0.030931,-0.341383,-0.044007,0.02786,-0.059513,0.141843,-0.081459,0.03416,-0.046117,-0.049988,0.137415,0.133099,-0.065359,0.06146,0.013464,-0.330934,-0.304055,0.050257,0.080475,0.022815,-0.13698,-0.012891,0.099613,-0.055742,0.031003,0.006233,0.607472,-0.05174,-0.085115,-0.144913,-0.029395,-0.096058,-0.060608,-0.055421,-0.009514,-0.028521,0.107055,-0.042169,0.703098,-0.054521,-0.07493,0.173909,-0.094704,-0.150965,-0.196332,0.132166,-0.098189,-0.017966,-0.171387
-0.157896,-0.222665,-0.206941,0.072719,-0.098666,-0.150421,-0.296738,-0.383383,-0.005342,-0.127561,-0.2149,-0.106466,0.081567,-0.105042,-0.059544,-0.214644,0.047647,-0.086795,-0.027255,0.012221,0.012953,0.064986,-0.279748,-0.194721,0.052871,-0.133713,0.056644,0.029951,-0.147386,0.183853,-0.194797,0.104992,-0.149406,-0.083492,0.066682,-0.006098,-0.097782,-0.452159,-0.049396,-0.102035,-0.178339,0.025598,0.070773,0.250847,0.058459,-0.005782,-0.01122,-0.309529,0.248055,-0.00747,0.187616,-0.150166,-0.575016,-0.01374,-0.257002,0.017701,-0.148165,-0.174485,0.028268,-0.13615,-0.045913,0.282494,0.09427,0.016773,-0.022431,-0.24194,-0.186627,0.022153,-0.176756,0.207085
-0.347014,0.293674,-0.339188,-0.067385,-0.095105,0.277045,0.190224,0.003856,0.116503,-0.011359,0.15785,-0.215185,-0.105247,0.333428,-0.006088,-0.120845,-0.178697,0.004392,0.066656,-0.147972,-0.009679,-0.09527,0.313664,-0.043277,0.029964,-0.299376,0.025317,-0.054751,-0.185397,-0.178646,-0.107996,-0.212045,-0.127433,-0.078411,0.061241,-0.001916,-0.14926,-0.46109,-0.163007,-0.22585,0.042964,-0.083737,-0.172982,-0.009443,-0.03,-0.190686,-0.211325,0.197678,-0.15264,0.103964,-0.111191,-0.210224,-0.141652,-0.231564,-0.127756,-0.133405,-0.117418,-0.227905,0.000891,-0.179495,-0.019057,0.027253,-0.222479,-0.143848,-0.195987,-0.20335,-0.194522,-0.225898,0.018279,-0.242294
-0.164617,0.19174,-0.213942,0.200487,-0.079598,0.081102,-0.256157,-0.09122,0.02766,0.082203,-0.026453,-0.122229,-0.130614,-0.22412,0.434333,0.071868,-0.0936,0.078716,-0.090759,-0.041652,0.14342,-0.033425,-0.356471,0.032059,0.070886,-0.117903,-0.167771,-0.077612,0.037877,-0.077274,-0.108962,0.018861,-0.03901,0.024201,0.111964,-0.36148,0.024002,-0.359983,0.264027,-0.096543,-0.332663,-0.10664,0.022419,0.196154,0.069123,-0.120454,0.058426,-0.274453,-0.064115,0.032851,0.092753,-0.078891,-0.029776,-0.523416,0.003194,0.072396,0.058009,0.328481,0.557896,0.285543,-0.207778,0.027888,0.156264,0.181232,0.021875,0.069259,-0.235249,-0.242625,-0.179031,0.010625
-0.456041,-0.411986,-0.049076,0.175416,-0.310038,0.037852,-0.187034,-0.158985,0.169822,-0.335838,-0.067576,0.016816,-0.39986,-0.250585,-0.330117,0.086262,0.079293,0.012772,-0.02814,0.012915,-0.206173,-0.159668,0.600914,-0.176658,-0.112539,0.174688,-0.297528,-0.350405,-0.183044,-0.014588,-0.297127,0.233357,-0.111329,-0.129043,0.127759,-0.56354,-0.113595,-0.068318,-0.010185,-0.123404,-0.551028,-0.209517,-0.893305,0.102777,0.091134,-0.176337,-0.410885,-0.941149,-0.129748,-0.053206,-0.399762,-0.248979,-0.021945,-0.224209,-0.849539,0.061689,0.020627,0.224212,-0.327343,0.179222,-0.054796,-0.108059,-0.255372,-0.349686,-0.588446,-0.273098,-0.350637,-0.628187,-0.329178,-0.061349
-0.257635,0.081684,-0.463168,-0.117895,-0.043473,-0.049451,-0.142649,-0.080322,0.002967,-0.276166,0.017503,-0.260386,-0.314767,-0.133353,-0.097343,-0.010555,-0.241617,0.084148,-0.179407,-0.089162,0.184697,-0.174034,0.266937,0.053377,0.15906,-0.075271,-0.044518,0.123704,0.08833,-0.059826,-0.289526,-0.255106,-0.225518,0.00521,0.180348,-0.227345,-0.192727,0.39175,0.124856,-0.135375,0.072449,-0.021068,-0.231997,0.006953,0.087218,-0.24598,-0.123192,-0.12079,-0.164903,0.050598,-0.25006,-0.177273,-0.340736,-0.154416,-0.166063,0.101048,-0.160868,-0.033029,-0.09814,-0.059496,-0.138666,-0.180231,0.072011,-0.431706,-0.13601,-0.343256,-0.258943,-0.280021,-0.28447,-0.277152
0.111824,0.146621,0.031284,0.13016,-0.028477,0.112886,-0.09541,-0.043484,-0.095361,0.0567,0.000523,0.109509,0.002362,0.03241,0.030686,-0.005397,0.024186,-0.033794,-0.08907,-0.023135,0.004558,-0.10959,0.3463,-0.005548,0.282342,-0.074652,0.024506,0.069231,0.036731,-0.272548,-0.126985,0.002768,0.059719,0.075122,-0.26745,-0.148106,-0.114997,-0.227583,-0.007224,0.016431,-0.047865,-0.10037,0.087838,0.166865,-0.013805,-0.08619,-0.01527,0.340715,0.179127,0.013783,0.191756,-0.026628,-0.163917,-0.142579,0.057234,0.136306,0.037822,-0.147347,-0.015269,-0.173264,-0.106428,0.062119,0.189272,-0.015,-0.268696,-0.160243,0.059705,-0.085805,0.545076,-0.154328
0.29546,0.014932,-0.632127,-0.087218,-0.218814,-0.493065,-0.355604,0.200038,-0.036664,-0.063013,-0.242856,-0.065438,-0.069285,0.112581,0.370056,-0.231222,0.041475,0.05281,-0.028742,0.061445,-0.331599,-0.074028,-1.165646,-0.062329,-0.194032,-0.100585,0.279017,-0.285205,-0.100838,-0.092404,0.227947,0.105881,0.1107,0.10672,-0.452137,-0.068221,-0.086554,-0.50108,-0.280045,0.256412,0.084283,-0.06048,-0.003825,0.202293,-0.065983,0.07526,0.019058,0.117612,-0.126351,-0.376276,0.058542,0.028626,0.389275,-0.1391,0.057975,-0.03616,0.130643,-0.515773,0.177538,-0.215301,0.367605,-0.116041,-0.369431,-0.004999,-0.060828,0.188911,0.102104,-0.356676,0.023497,-0.281153
0.220501,-0.191344,0.249346,0.300928,-0.136516,-0.095256,0.24315,-0.09102,-0.330087,0.041088,0.587846,0.251618,0.196432,-0.005371,0.154745,-0.011375,0.320294,-0.238255,-0.301025,0.240258,-0.330073,0.27474,-0.819811,0.203937,0.211045,0.066024,0.082145,-0.288776,0.165666,0.120483,0.107566,0.277101,0.083552,0.022652,-0.430679,0.160471,0.303154,-0.638055,-0.180748,0.088069,0.085204,0.104662,-0.02169,0.013903,-0.166254,-0.090023,0.224259,-0.130838,0.170113,-0.250581,0.214268,0.053687,0.131305,-0.261169,0.084934,-0.282286,0.251347,0.062345,0.011353,0.061974,0.258719,0.020087,-0.167159,0.198319,0.007161,0.152028,0.005899,-0.041609,0.218883,-0.133302
-0.358807,0.11669,-0.258914,-0.037896,-0.077878,-0.146596,-0.337934,-0.207721,-0.093617,0.122029,-0.093875,0.109823,0.198112,-0.102495,-0.051778,-0.254962,0.107471,-0.00035,0.047808,0.019587,-0.030561,0.031253,0.417471,0.060457,-0.036804,-0.290982,0.012909,-0.047943,-0.008145,0.08053,-0.262151,0.131529,-0.100708,-0.016693,0.22738,-0.084879,-0.183286,-0.442391,-0.055765,0.056266,-0.002129,0.222049,0.114549,-0.034756,-0.042677,0.101062,0.013203,-0.462694,-0.043326,-0.066097,0.133831,0.054236,-0.112179,-0.004101,0.043589,0.060344,-0.032509,-0.215703,-0.075757,-0.243526,-0.168959,-0.021968,-0.003096,0.195548,0.057748,-0.112774,-0.075121,0.04652,-0.086218,0.06417
-0.234074,0.092677,-0.146329,-0.077851,-0.040893,-0.125584,-0.146683,0.000716,-0.013179,0.038555,-0.081802,0.086639,0.08413,-0.066542,-0.164831,-0.274552,0.166751,-0.149501,0.050676,0.107697,0.066955,-0.003173,-0.464812,-0.089603,-0.140314,-0.410414,-0.024244,-0.120478,0.007937,0.14201,-0.08387,-0.031691,-0.09778,-0.085885,0.101887,-0.093597,-0.18445,-0.515526,-0.075477,0.020136,-0.105505,0.109615,0.19679,0.034207,0.030782,0.010085,-0.026683,-0.426888,0.140921,0.001384,-0.027762,0.061881,-0.392976,0.132479,-0.057117,0.007521,-0.041709,-0.210385,0.029152,-0.139566,-0.048325,-0.012112,-0.136805,0.1262,-0.163229,-0.185319,-0.102368,0.02927,-0.039398,-0.007242
-0.619771,0.099469,-0.180725,-0.060631,-0.086982,0.078983,-0.251045,0.006087,-0.084935,0.013247,0.383725,0.054587,-0.000428,-0.102067,0.175311,-0.009818,0.181853,0.030149,0.213547,0.040362,-0.118008,-0.191074,0.236556,0.141467,-0.055762,0.200731,-0.210648,0.046614,-0.025545,-0.08714,-0.173002,0.026344,0.087185,-0.051413,0.000162,-0.465161,-0.086601,-0.387308,-0.176485,-0.050043,-0.334097,-0.150677,-0.158357,0.15965,0.040091,-0.166819,-0.102159,-0.142079,-0.003519,0.006034,-0.334908,-0.148653,-0.317718,-0.062837,-0.175561,0.19518,0.029044,0.18631,-0.073704,0.236037,-0.044566,0.015538,0.009002,-0.017516,-0.068414,-0.178095,-0.0333,-0.035649,-0.156018,-0.202552
-0.125215,-0.035383,-0.185382,0.375686,-0.034511,0.197938,-0.206553,-0.02979,-0.048813,-0.135275,-0.085855,-0.084098,-0.217936,-0.118724,-0.053712,0.196238,-0.028565,0.174078,0.029799,-0.028128,0.026366,-0.089784,0.102216,0.028981,0.15952,0.049595,-0.060334,-0.042617,-0.014635,0.002678,-0.090139,-0.111843,0.022011,-0.027478,0.029522,-0.02444,0.061363,-0.329278,-0.103233,-0.224561,-0.044479,-0.151611,-0.087583,0.024578,0.036274,0.109395,-0.022243,-0.18406,0.164076,-0.006668,-0.246196,-0.035114,-0.401525,-0.163649,-0.104973,0.180928,0.071299,0.294374,-0.124495,0.286267,-0.180509,0.065953,0.07073,-0.258877,-0.160574,-0.434501,-0.022587,-0.242179,0.01026,-0.108873
0.142549,-0.106836,-0.041264,-0.024592,-0.148876,-0.388411,0.054101,0.097775,-0.454909,0.05079,-0.158097,0.172394,-0.253764,0.18772,0.466106,0.254328,0.281902,-0.241162,-0.030076,0.219114,-0.134562,0.130919,-0.806253,0.179233,0.254884,0.028041,0.11918,-0.282925,0.420804,0.130229,0.099317,0.224653,0.053298,-0.069478,-0.184153,0.124092,0.453451,-0.609904,-0.214417,-0.008023,-0.007416,-0.163172,0.087823,0.504611,-0.103237,-0.069064,0.170534,0.043993,0.086229,-0.278756,0.18451,0.050259,0.309305,-0.090553,-0.001989,-0.135122,0.121934,-0.020149,0.125655,0.029457,0.353624,0.180124,0.03908,0.254597,0.025631,0.053298,-0.040446,-0.136024,0.186637,0.030485
-0.573219,-0.055063,-0.531336,0.091848,0.068139,-0.074755,-0.439392,-0.232676,-0.164019,0.058299,-0.050725,0.013063,0.13526,-0.091775,-0.092694,-0.089614,-0.03105,0.106597,0.042918,0.022101,-0.010013,0.042423,0.462741,0.065066,-0.126618,-0.250969,-0.194636,0.039136,-0.04025,0.003312,-0.167432,0.066958,-0.119893,-0.053695,0.154151,-0.039844,-0.21192,-0.468393,0.229876,-0.000241,0.099858,0.117736,-0.028471,-0.09681,-0.010363,0.024274,0.107279,-0.515288,-0.08418,-0.024126,0.273355,-0.00477,-0.159253,0.280821,0.079573,0.180476,0.064239,-0.460147,-0.068771,-0.356675,-0.174687,-0.190858,-0.013632,-0.094088,0.098558,-0.038588,-0.103956,0.025781,0.065484,-0.240032
0.266685,-0.086936,-0.317703,-0.003357,-0.030252,0.122259,-0.07367,0.012915,0.016722,0.086172,-0.254957,0.074778,0.032534,-0.197337,0.050407,0.057741,-0.039009,-0.020611,-0.053855,-0.024934,-0.02441,-0.168973,0.362104,0.018585,0.217228,-0.113,-0.071593,0.057965,0.091626,0.044668,-0.242592,0.010062,-0.14668,0.110938,0.073611,-0.153611,-0.12308,-0.354,-0.08033,0.053861,0.060272,-0.132743,-0.0127,0.061375,-0.134453,-0.004388,0.120728,-0.16012,0.026524,0.319332,-0.010306,0.084565,-0.310783,-0.061393,0.078874,0.099632,0.069065,-0.109053,0.000657,0.155621,0.02265,0.098315,0.198446,0.070076,-0.176991,0.022308,-0.007248,-0.173354,-0.080412,-0.32616
-0.072113,0.124951,0.131783,0.387627,-0.054864,0.178282,-0.360004,0.048284,0.035223,-0.156307,0.429405,-0.173512,-0.30191,-0.095999,-0.162729,0.369594,-0.064913,-0.045521,0.298356,-0.063951,0.190582,-0.145957,-0.326218,0.004591,0.171529,-0.289189,-0.157122,0.034663,-0.000806,-0.065973,-0.183603,-0.218534,0.109501,-0.112449,0.196266,-0.2955,-0.114416,-0.550861,0.107595,-0.035424,-0.173012,-0.045513,-0.223818,0.093162,0.099002,-0.205049,-0.165774,-0.234599,0.091394,0.216977,-0.021901,-0.070264,-0.3446,0.47317,0.055299,0.137977,0.118287,-0.225692,-0.155977,-0.072416,-0.225544,-0.069518,-0.203848,-0.081199,-0.189758,-0.230683,0.051163,-0.234425,0.191265,-0.220359
0.613369,0.013275,-0.791173,-0.039316,0.26509,-0.052667,0.309197,-0.188296,0.198753,0.338621,-0.097024,0.280784,0.180743,0.217138,-0.230535,-0.293254,0.221368,0.046366,-0.12779,0.13811,-0.023901,0.468311,-0.160267,-0.120334,-0.003972,0.188855,-0.160174,0.055288,-0.19334,0.068424,-0.145337,0.187081,0.005139,-0.053848,-0.037332,-0.065297,-0.265495,-0.75992,-0.297924,-0.103616,0.008293,0.251584,0.10818,-0.157299,0.061778,-0.0403,0.130451,0.199829,-0.190174,-0.028312,0.283246,-0.113162,-0.201978,-0.482876,0.179093,-0.042531,-0.064377,-0.427893,-0.076783,-0.439691,-0.155013,-0.116348,-0.026211,0.18731,-0.09881,0.126628,-0.189379,0.582475,-0.138469,-0.108375
0.200284,-0.085386,-0.094839,-0.010923,0.013631,-0.022501,0.391054,-0.186133,0.298952,0.148007,0.114144,0.004257,0.141075,0.037219,0.265038,-0.189219,0.221906,-0.106507,0.104421,0.115555,-0.012506,-0.044456,-0.824373,-0.008782,0.033,0.321468,-0.119707,0.118445,-0.101297,0.088562,-0.028889,0.068428,0.08889,-0.067172,-0.199245,-0.168306,0.067824,-0.440732,-0.106359,-0.013094,-0.01522,-0.191047,0.092747,0.118312,-0.035569,0.0962,-0.028627,-0.428566,-0.025231,-0.228831,-0.15015,0.028672,-0.737971,-0.112389,-0.004123,0.214111,0.045815,-0.122194,-0.017728,-0.064864,0.165481,0.14191,0.286439,0.111316,0.024872,-0.202105,-0.123754,0.216003,0.203312,0.021502
-0.105608,-0.074115,-0.138885,-0.095624,-0.060447,0.126505,-0.175448,-0.31413,0.049242,-0.284467,-0.200364,-0.234702,-0.174754,-0.028486,-0.010645,0.289721,-0.251826,0.320773,0.009466,-0.236905,0.104604,-0.133609,0.1105,0.048608,0.019282,0.044294,-0.054564,0.022666,-0.02635,-0.139013,-0.159102,-0.111667,-0.011898,-0.060321,-0.100623,-0.165958,-0.013618,-0.51401,0.19848,-0.144322,-0.102256,-0.137226,-0.10083,0.003296,-0.000026,-0.226775,-0.038861,-0.539532,0.012719,-0.000013,-0.237053,-0.115169,-0.505701,-0.145647,-0.096099,0.176525,-0.088143,0.851436,-0.047449,0.687869,-0.194853,0.003653,0.141883,-0.354383,-0.115346,-0.274683,-0.024558,-0.27089,-0.447756,-0.128087
-0.131578,0.124023,-0.527255,-0.006868,0.10573,0.115118,0.118757,0.03726,-0.053637,-0.038382,0.614662,0.037189,0.034892,-0.047838,0.003286,-0.052499,0.194022,0.106327,0.228278,0.002818,-0.104022,-0.103613,0.071245,0.06177,-0.178168,0.097755,-0.18679,-0.105204,0.398378,-0.032619,-0.192476,0.070712,-0.116747,-0.030381,-0.143715,-0.126584,-0.282038,-0.577217,-0.008257,-0.031917,-0.116351,0.095438,0.017883,0.16231,-0.16444,-0.153984,-0.118308,-0.062008,-0.122315,0.023722,0.200029,-0.073224,-0.207145,-0.150795,-0.197959,0.16102,-0.016301,0.306776,0.043866,0.504766,-0.117633,0.042924,-0.112745,0.094848,0.031628,-0.008403,0.037629,0.25044,0.056491,-0.212055
0.237529,-0.046454,0.265749,0.285105,-0.060292,0.186635,-0.170324,0.015631,0.074761,-0.187742,-0.077617,-0.16299,-0.400697,-0.094518,-0.05723,0.38737,-0.081919,0.00404,0.196469,-0.059199,0.090296,-0.137717,-0.124763,0.016901,0.07528,-0.150001,-0.087264,0.002093,-0.041099,-0.070455,-0.104581,-0.122766,0.129902,-0.06667,-0.086438,-0.137778,-0.100417,0.24611,0.00591,-0.046268,-0.171803,-0.089657,-0.152319,0.079737,-0.000015,-0.082704,-0.100225,-0.191799,0.247907,-0.0541,-0.106586,-0.070904,-0.315313,0.337542,-0.001373,0.166011,0.052149,0.025287,-0.099741,0.042552,-0.220818,-0.014636,-0.027694,-0.160641,-0.098731,-0.331324,0.088304,-0.233258,0.391045,-0.099643
-0.643446,0.313105,-0.559498,-0.138489,0.175275,0.079137,0.431558,-0.049532,0.0476,-0.007018,0.133177,0.0914,0.23043,-0.051886,0.248084,-0.263994,0.211798,-0.133075,0.281646,0.187367,-0.112906,-0.029436,0.052205,0.164443,-0.115154,0.215533,-0.0701,-0.02274,0.507572,0.179572,-0.167855,0.061337,0.083255,-0.194321,0.153603,-0.309499,-0.007818,-0.474086,-0.018423,-0.045604,-0.223738,0.061509,-0.033912,0.079196,0.092292,0.083803,-0.017354,-0.076069,-0.17105,0.060792,0.002886,-0.059486,-0.527397,-0.158498,-0.14077,-0.165021,-0.058043,0.271002,-0.041709,0.296881,-0.202502,0.111487,0.300332,0.082689,0.173801,0.110287,-0.271643,0.180918,-0.045533,-0.253781
-0.13582,-0.098604,-0.349093,0.003389,0.120728,0.01346,-0.151884,0.049732,-0.217739,0.07414,-0.172594,0.032443,0.084477,-0.079509,0.034124,-0.37086,0.067326,0.025182,0.064084,0.020032,-0.089184,0.069107,0.276966,0.046601,-0.168727,0.024884,-0.169493,0.091481,-0.003657,0.285639,-0.104259,0.252061,0.08881,0.368145,-0.216826,-0.156281,-0.209449,-0.544006,0.167613,-0.152734,-0.1758,-0.055474,0.095618,-0.02759,-0.048031,-0.048607,-0.029434,-0.382605,-0.135153,-0.03871,-0.119852,-0.050118,0.075754,-0.221202,0.000793,0.076619,-0.154633,-0.16694,-0.126163,-0.150552,-0.178026,-0.199081,-0.052366,0.207291,0.009483,0.108476,-0.176983,0.350793,-0.179999,-0.280538
0.109293,0.137552,-0.20655,-0.204369,0.003599,-0.368498,-0.327813,-0.157747,0.162235,0.226434,-0.246125,0.246023,0.229165,-0.146193,-0.03122,-0.340866,0.207896,0.06137,0.005292,0.335283,-0.06782,0.044831,-0.846348,-0.159494,-0.050298,0.146554,-0.082792,-0.130855,-0.143812,0.174414,-0.123828,0.325465,-0.101129,0.089124,0.232298,-0.039455,-0.241932,-0.412662,0.123638,0.002208,-0.141749,0.13216,0.097677,-0.050451,0.022431,0.115116,0.19162,-0.468377,-0.078215,0.045561,0.105644,-0.025717,-0.134075,-0.152973,0.048075,0.007783,-0.022066,-0.189148,-0.020524,-0.317993,0.147274,-0.133183,-0.052561,0.375546,0.115633,0.231578,-0.084359,0.150373,0.014491,0.126177
-0.264752,-0.003153,-0.219801,-0.163714,-0.13359,-0.083451,-0.28639,-0.196035,-0.023076,0.155469,0.188307,-0.032727,0.170371,-0.290941,0.246331,-0.35971,0.097494,-0.168709,-0.183938,0.062167,-0.062406,-0.048144,-0.933477,-0.141817,0.008026,-0.194517,-0.120078,-0.057533,0.107214,0.145652,0.198706,0.051737,-0.026142,0.131763,-0.505937,-0.24359,0.141706,-0.568364,-0.212501,0.036231,-0.188018,-0.060641,0.079156,-0.001608,-0.163201,-0.148998,-0.049936,0.029379,0.114911,-0.004007,0.10982,0.174963,-0.13508,-0.241883,0.168327,0.057351,0.207761,-0.048386,0.248411,-0.000957,0.100634,-0.013348,-0.002927,0.184973,-0.089817,-0.056948,0.007216,-0.111086,-0.269405,-0.028157
-0.039378,-0.182404,-0.352513,0.170737,-0.056446,-0.026356,-0.134927,-0.214562,-0.029267,-0.027834,-0.015572,0.15538,0.021719,-0.11903,-0.106359,0.092594,0.114654,0.024992,0.071039,0.057619,-0.077527,-0.096106,0.045374,-0.222276,0.025934,-0.047108,-0.01995,0.050643,-0.074728,0.10739,0.045768,0.021359,0.038201,-0.186113,-0.115994,0.148818,-0.229507,-0.487326,0.038271,-0.166936,-0.06072,-0.212824,0.01338,-0.097743,-0.063953,-0.0171,-0.063675,-0.082104,0.099629,-0.032822,-0.147251,-0.106311,-0.433442,0.090871,-0.05132,0.055221,-0.165344,0.488002,0.117142,0.500758,-0.019756,-0.043581,0.003846,-0.018477,-0.265863,-0.432548,-0.066654,-0.159377,0.081974,-0.065271
-0.450715,-0.124443,0.276854,0.332121,-0.011167,-0.014032,-0.067576,0.136401,-0.07872,-0.096388,0.546266,0.094584,-0.010122,0.361029,-0.098724,0.023504,0.203975,-0.031985,0.095064,0.140119,-0.113187,-0.081565,-0.075752,0.040719,0.132052,-0.040309,-0.05144,-0.214407,0.138769,0.161058,0.215491,0.167702,0.120181,0.242354,-0.380444,0.097643,-0.097531,-0.622258,-0.085072,-0.10405,-0.195023,-0.205377,-0.030082,-0.063917,-0.038258,-0.158674,-0.047792,0.055346,0.185493,-0.009144,0.019915,-0.085842,-0.413395,0.105489,-0.102396,0.028331,0.025615,0.248436,0.027043,0.347282,-0.076736,0.186964,-0.015007,-0.002685,-0.115786,-0.343854,-0.255363,-0.124794,0.102075,-0.165643
-0.077848,0.234511,-0.295807,0.149365,-0.094135,0.02985,-0.074686,0.017689,0.0487,-0.054554,-0.149564,-0.061641,-0.162677,0.032006,-0.00539,0.005686,-0.026863,0.050003,-0.087878,-0.003386,0.130415,-0.038382,-0.324438,-0.003584,-0.01026,-0.166558,-0.010001,-0.063901,-0.01062,0.2726,0.087567,-0.077549,0.025332,-0.063214,0.032289,0.043249,-0.182578,0.278732,0.016209,-0.092609,-0.028508,0.103482,-0.110424,0.148882,0.018287,0.002634,0.111521,0.089218,-0.026232,-0.071308,-0.075884,-0.040581,-0.308622,-0.096977,-0.16655,-0.058216,0.008624,0.124032,-0.059829,0.07538,-0.057919,-0.079367,0.295715,-0.13436,0.019951,-0.087846,-0.024544,-0.083425,-0.063432,-0.149589
0.020046,0.226104,-0.360872,0.003775,-0.041943,-0.252061,0.70277,0.064313,0.189855,0.028278,-0.058113,0.066693,-0.188079,-0.114085,-0.031799,-0.064233,-0.033883,-0.117949,0.005742,-0.016379,-0.000707,-0.021249,-0.504792,-0.023397,0.030391,-0.324209,0.041771,-0.034431,0.091613,0.059253,-0.055164,-0.107187,-0.114493,0.129691,-0.130761,0.055481,-0.163486,0.140167,0.047113,0.061626,-0.054713,-0.007367,-0.004475,-0.028612,0.089149,0.010287,-0.113891,0.030786,-0.113101,0.182736,-0.138698,-0.136067,-0.161198,-0.161383,-0.071937,-0.048864,0.00886,-0.075594,-0.000161,0.004502,0.000112,-0.097452,-0.110583,-0.066413,-0.003529,-0.160432,0.00648,-0.091386,-0.355412,0.315158
-0.352085,0.047892,-0.241015,0.165665,-0.142916,0.084317,-0.163539,-0.018772,0.029676,-0.129741,-0.129666,-0.255427,-0.283231,-0.103115,-0.127515,0.065058,-0.105928,0.129,-0.018214,-0.046446,0.11539,-0.137813,0.451984,0.040243,0.183659,0.00693,-0.027193,0.099977,0.036656,-0.057829,-0.251936,-0.12374,-0.152041,-0.044551,-0.097878,-0.104857,-0.11525,0.419195,0.02116,-0.121972,-0.013604,-0.038048,-0.132091,0.115531,0.026902,0.019318,-0.018883,-0.236709,0.196108,0.048821,-0.305572,-0.103089,-0.411181,-0.0448,-0.119427,0.135946,-0.000767,-0.131731,-0.141351,-0.015577,-0.08177,0.141,0.066961,-0.356989,-0.080022,-0.521342,0.018501,-0.242224,-0.030318,-0.139821
-0.021918,0.030099,-0.306738,-0.061844,-0.064629,-0.029142,-0.142045,-0.122902,-0.073628,0.191846,-0.090003,0.139469,0.217729,0.060367,0.058413,0.000756,0.001335,-0.063058,-0.032114,-0.003097,0.010982,-0.075652,-0.06146,-0.079708,0.093072,-0.186502,-0.002682,0.055967,-0.085409,-0.07615,-0.089436,0.034743,-0.071967,-0.079,0.194923,-0.110754,-0.196387,-0.352102,-0.05435,-0.051388,-0.172374,0.047114,0.106481,0.165241,0.060433,0.072183,-0.038904,-0.418371,0.02869,-0.039029,-0.182066,0.005638,-0.452991,-0.066643,0.15863,-0.084907,-0.051845,-0.302707,0.02137,-0.20853,-0.05309,0.030042,-0.081233,0.078585,0.035819,-0.148916,0.090887,0.107917,-0.062979,0.097505
0.03658,-0.094882,-0.005919,0.03562,0.125173,-0.02975,0.227039,-0.087009,-0.05751,0.156446,-0.020294,0.01103,0.116657,0.085447,-0.171173,-0.196503,0.030604,-0.157588,-0.03108,0.111676,-0.20006,-0.000711,-0.470971,-0.044347,0.047318,0.230214,-0.236779,0.081884,-0.115582,0.209081,-0.018076,0.055375,0.081748,-0.087197,0.001739,-0.105615,0.012672,-0.654783,-0.01235,-0.130947,0.112568,-0.145167,0.030531,0.047296,0.077319,0.181852,-0.087253,-0.321939,-0.026467,-0.01457,0.122395,0.067286,-0.224199,0.111818,0.002155,0.133477,0.04146,-0.086874,-0.145949,-0.139566,0.008715,0.117329,0.294185,0.014689,-0.064141,0.069319,-0.074494,0.257893,-0.053807,0.200753
0.173667,-0.05939,-0.3421,0.055747,-0.043017,-0.211854,-0.247721,0.153303,-0.399548,-0.04541,-0.067059,-0.332245,-0.101969,0.298577,0.33375,-0.111547,-0.007478,-0.110817,-0.2543,-0.004368,-0.04971,0.035907,-0.937737,0.006944,-0.062424,0.220201,0.280885,-0.257048,0.125704,-0.026093,-0.071242,0.077987,0.111164,0.166678,-0.353581,0.209146,0.117943,-0.415753,-0.281185,0.161861,0.027774,0.067823,0.127993,0.058184,-0.056343,-0.129054,-0.002698,0.672574,-0.039407,-0.329199,0.03441,0.026816,0.110597,-0.169647,0.104633,0.073285,0.113461,-0.315203,0.180403,-0.268339,0.170169,0.13757,-0.329535,-0.030589,-0.058602,0.045188,-0.083739,-0.181322,0.346604,-0.093406
-0.242636,-0.106964,0.062953,0.056386,0.061661,-0.116815,0.197977,-0.05052,-0.059236,0.154436,0.115855,0.02183,0.11225,0.115525,-0.015656,-0.075212,0.110768,-0.159675,-0.028034,0.115383,-0.151713,-0.004086,-0.46365,-0.031757,0.050147,0.273816,-0.221546,0.073855,-0.112145,0.055606,-0.040273,0.053476,0.132748,-0.105402,-0.071313,-0.191337,-0.021778,-0.565577,-0.019834,-0.052206,0.008798,-0.176428,-0.065964,0.01267,0.105173,0.131702,-0.119629,-0.313954,-0.027167,-0.010527,-0.033098,0.053048,-0.571295,0.078141,0.008695,0.008342,0.056865,-0.223705,-0.126598,-0.236825,-0.035693,0.100054,0.295592,0.063821,-0.059211,-0.084988,-0.080747,0.229729,0.078489,0.078493
-0.05236,0.002678,-0.407882,0.149158,0.093562,-0.051527,-0.156173,-0.055684,0.053961,0.013422,0.137897,-0.006151,0.064265,-0.036025,-0.147729,-0.304163,0.009861,-0.18628,-0.138262,0.09408,0.03286,0.176435,-0.552173,-0.066521,-0.255728,-0.235633,0.05485,-0.163278,0.035909,0.148,0.203006,-0.028049,-0.046073,-0.108699,-0.246302,0.029696,-0.164882,-0.594604,-0.175513,0.189189,0.306219,-0.037234,0.218785,-0.040838,-0.008689,-0.032027,-0.003949,0.415711,-0.038919,-0.028065,0.013827,0.14042,-0.208443,0.648509,-0.092368,-0.091066,-0.062705,-0.158498,-0.076198,-0.115837,-0.108769,-0.039206,-0.238606,-0.027847,0.261998,-0.130452,-0.057647,0.049325,-0.132757,-0.132801
-0.209348,-0.15289,-0.175898,0.265836,-0.146373,0.124971,-0.28198,-0.054173,-0.071814,-0.024455,0.028805,-0.078141,-0.154504,-0.105884,-0.128526,0.17099,0.046195,0.039519,0.037299,0.005964,-0.038868,-0.15103,0.080902,0.050532,-0.012814,0.079484,-0.181857,0.042452,-0.136528,-0.106343,-0.078375,-0.024699,0.119779,-0.038733,-0.128066,-0.035731,-0.152885,0.209915,-0.188783,-0.044662,-0.160653,-0.131643,-0.137731,0.035558,0.035153,-0.250334,-0.043195,-0.205029,0.072407,-0.014046,-0.377366,-0.133476,-0.469243,0.050801,-0.097118,0.150609,0.021153,0.165806,-0.101759,0.14776,-0.064859,-0.03665,0.011989,-0.298969,-0.075265,-0.229052,0.016677,-0.256463,-0.057337,-0.147222
-0.127532,-0.186119,-0.167112,0.142152,-0.058549,-0.001588,-0.305744,0.022538,0.029707,-0.020791,0.399809,0.062335,-0.153086,0.017152,-0.173979,0.177418,-0.004398,-0.0905,0.099168,0.031928,-0.116155,-0.112734,0.005429,0.209932,0.042136,-0.14306,-0.04016,0.036524,0.057594,0.078421,0.127393,0.022824,-0.043955,-0.090817,-0.231069,0.080123,-0.157475,0.307458,0.033153,0.193706,0.070054,-0.156395,-0.005308,0.013948,0.073091,-0.010199,-0.130354,-0.50875,0.122457,0.051921,-0.065727,-0.117398,-0.359546,0.160278,-0.17254,0.037332,0.058621,0.301262,0.055659,0.285274,-0.075431,0.004575,-0.004278,-0.131059,-0.217474,-0.375908,0.11375,0.02898,0.156666,-0.070372
-0.514242,0.140603,-0.493297,0.010046,-0.098288,-0.24493,-0.290607,-0.338432,0.067326,-0.096302,-0.027853,0.008345,-0.292085,-0.101269,-0.145541,-0.338973,0.000588,0.147682,0.228684,0.033526,0.13738,-0.500039,0.537165,-0.076607,-0.283131,-0.204494,-0.355589,0.085911,-0.208932,-0.159253,-0.122637,0.11389,-0.269066,-0.015081,0.2706,-0.20259,-0.305459,-0.336818,0.274254,-0.149195,-0.275212,-0.007371,-0.20264,-0.014914,0.26808,-0.137718,-0.078165,-0.465218,-0.323239,-0.056747,-0.312236,-0.038585,-0.207988,0.331633,-0.19281,-0.070665,-0.457789,-0.252482,-0.044271,-0.318248,-0.146569,-0.563379,-0.005296,-0.100859,-0.209177,-0.237263,-0.329886,-0.275191,-0.350064,-0.232813
0.326852,-0.117462,-0.472799,-0.078733,0.139187,-0.389433,0.300168,0.000433,-0.212997,0.126209,0.074331,0.522597,0.307237,0.258999,-0.018994,-0.42047,0.356662,0.03445,0.011089,0.284198,-0.247254,-0.019903,-1.066507,-0.016134,-0.130016,0.352724,0.119729,-0.375229,-0.064959,-0.043813,0.175917,0.077396,0.080442,0.103602,-0.491331,0.015678,-0.437376,-0.651824,-0.283357,0.203754,0.025261,-0.070067,0.412396,0.283296,-0.133157,0.087686,0.341297,0.084619,0.118231,-0.212861,0.210514,0.135045,0.887638,-0.233207,0.57794,-0.212613,0.326341,-0.422839,0.024297,-0.248235,0.27022,0.166634,0.052134,0.204731,0.416094,0.379716,0.2451,0.270739,-0.266487,-0.081065
0.227429,0.238908,-0.038019,-0.063811,-0.091502,-0.162159,-0.120249,-0.327306,0.206035,0.087424,-0.26362,0.096709,0.361581,0.022526,0.19655,-0.366851,-0.04891,0.190114,-0.136006,0.040243,-0.255,0.176032,-0.951155,-0.047124,0.171499,-0.286763,0.247986,-0.021393,-0.091905,-0.03774,-0.109623,0.19013,-0.095076,0.017214,0.056116,0.207518,-0.40611,0.098664,0.045238,0.061617,0.050642,0.198026,0.040766,-0.025359,0.030605,0.007596,0.304837,-0.518486,-0.096499,0.170667,0.312058,0.067681,-0.12041,0.002513,0.005743,-0.053083,-0.047326,-0.583689,-0.027576,-0.411577,-0.277542,-0.045231,-0.030667,0.170094,-0.041667,0.060565,0.008022,0.033788,0.403077,0.051685
-0.128794,-0.294454,-0.107509,-0.00503,-0.058139,-0.102101,0.329524,0.055185,-0.048353,0.055448,-0.160572,-0.049991,-0.032633,-0.094327,-0.016264,-0.312299,-0.046511,-0.021407,-0.101785,-0.038193,-0.181,-0.016157,-0.241484,-0.015137,0.053117,-0.159027,-0.068019,-0.042536,0.194344,-0.068452,0.042073,-0.036231,-0.152072,-0.027468,-0.102082,0.002916,0.044738,0.032802,-0.174388,0.072828,-0.149794,0.049385,-0.043791,-0.032922,0.00904,0.01656,-0.061476,0.060058,-0.063844,-0.125023,-0.137104,-0.018296,-0.083276,0.174977,0.107903,-0.080245,-0.007429,-0.468714,0.152651,0.01975,-0.047091,-0.054877,0.199109,0.269419,0.019031,-0.130146,0.257959,-0.009486,-0.006124,0.14262
0.253565,0.216995,-0.415063,-0.20262,0.183131,-0.194939,0.197506,-0.053702,0.038294,0.188392,0.221385,0.281008,0.330937,0.233153,0.306222,-0.330562,0.224765,0.127843,-0.058563,0.049005,0.226946,0.069677,-0.393208,-0.051878,0.034177,0.307961,-0.393356,0.235418,-0.217891,-0.074543,-0.006948,0.029229,-0.125146,-0.177193,-0.050325,-0.437943,-0.443521,0.988218,-0.019226,-0.120553,0.140436,0.317113,0.290298,-0.058331,-0.101993,0.047322,0.304898,0.17817,0.007577,0.000993,0.249277,0.056763,0.362684,-0.009615,0.120755,0.081192,-0.125145,0.091977,0.109856,0.062427,-0.081174,-0.207335,0.30669,0.324882,-0.059701,0.360032,0.140985,0.043859,-0.046036,-0.072396
0.243305,-0.009542,-0.410521,0.068922,0.187056,-0.026372,-0.009992,-0.026818,0.091739,0.225899,-0.015839,0.126488,0.329734,-0.089476,0.122328,0.050504,0.125626,0.131393,0.045005,-0.011588,0.022573,0.043421,-0.48822,0.010246,-0.048037,0.013117,-0.037724,-0.197633,-0.023369,-0.053592,0.082698,0.013862,-0.203776,-0.127917,-0.04705,-0.225541,-0.008518,-0.67859,-0.036207,-0.137887,0.421445,0.477872,0.348913,-0.09826,-0.050621,0.128744,0.075966,-0.338989,0.122103,0.238126,0.02498,0.072355,0.069291,0.034315,0.125326,-0.083369,0.166551,0.322004,0.135116,0.348026,-0.05531,-0.234233,0.146187,0.114852,0.073124,0.34979,-0.093957,-0.039008,-0.09741,-0.030323
-0.071239,0.018905,0.105755,0.043914,0.01338,0.351894,0.046431,0.064654,-0.067967,-0.233858,0.03642,-0.108392,-0.04508,0.039125,0.071922,0.070982,-0.192487,-0.007544,-0.115724,-0.091456,-0.18998,0.037409,-0.016696,0.045118,0.088162,-0.134499,-0.155478,-0.086014,0.075961,-0.174046,0.079722,-0.239698,0.053378,0.055342,-0.500193,-0.088382,-0.140394,-0.309221,0.037223,-0.091314,-0.030381,-0.318257,-0.258784,-0.026721,-0.074749,-0.056156,-0.011866,-0.126817,0.123347,-0.047501,-0.03396,-0.171307,-0.522618,0.156613,-0.12398,-0.289704,0.125847,0.318097,-0.044512,0.333016,-0.272799,0.065371,-0.059361,-0.057147,-0.374678,-0.309297,-0.021762,-0.234676,0.078339,0.052473
0.063786,0.051119,-0.051861,-0.006121,-0.094333,-0.049445,0.011831,-0.229181,-0.0713,0.18071,-0.273257,-0.152394,-0.183418,-0.175479,-0.083657,-0.220453,-0.162116,0.011495,0.159989,-0.053396,-0.020291,-0.097314,-0.722557,-0.03107,0.047969,-0.012627,0.012901,0.365996,0.010198,0.014179,-0.062364,-0.102744,0.02146,-0.126547,-0.311397,-0.19443,-0.230538,-0.376464,0.290538,-0.050184,-0.330723,-0.063401,-0.035881,0.030074,0.025947,0.063835,-0.14764,-0.171645,-0.12518,-0.095875,-0.156469,-0.041657,-0.39234,-0.194744,-0.011796,0.018984,-0.046138,-0.22473,-0.057082,-0.026317,-0.025462,-0.186533,0.407232,-0.064538,0.031822,-0.190657,-0.050102,-0.129484,-0.037922,0.347022
-0.023632,-0.108426,-0.175972,-0.132869,0.007864,-0.445814,-0.131123,0.150287,-0.158995,0.147368,0.198891,0.465862,0.277931,-0.140366,0.545205,-0.333492,0.728013,-0.126149,-0.117165,0.600911,-0.335992,0.096373,-0.902403,0.138328,-0.081334,0.038976,-0.043148,-0.250028,-0.00396,0.761936,0.561895,0.47853,-0.197831,-0.233477,-0.560102,-0.029277,0.111116,-0.483094,-0.194407,0.161814,-0.208702,0.061176,0.245604,0.15,-0.02559,-0.097213,-0.025596,-0.176468,0.451857,-0.04658,0.099624,0.283308,0.684136,-0.344491,0.279589,-0.210259,0.272882,0.196019,0.019161,0.104884,0.357425,0.20496,-0.289428,0.30252,0.125386,0.386792,0.100106,0.347569,-0.084979,-0.095211
-0.188422,0.012724,0.384758,-0.006063,0.013774,0.020358,-0.054109,-0.152518,-0.021956,-0.238977,0.063308,-0.133273,-0.045225,0.03829,0.066457,0.047078,-0.057315,-0.02337,-0.119558,-0.065912,-0.208169,0.056655,-0.057275,0.062388,0.084678,-0.158584,-0.132839,-0.102528,0.077449,-0.105407,-0.182204,-0.155673,0.043005,0.127964,-0.443606,-0.092172,-0.200291,-0.368039,-0.074065,-0.094262,-0.093853,-0.251838,-0.280988,-0.022842,-0.119813,-0.045349,-0.025241,-0.1164,0.142204,0.000809,-0.096665,0.001389,-0.510119,0.143661,-0.114338,-0.09115,0.067199,0.396553,-0.05657,0.234161,-0.219984,0.06648,-0.142306,-0.046162,-0.080203,-0.233908,0.048135,-0.297138,0.07757,-0.021521
0.036441,-0.083921,0.11248,-0.109667,0.074143,-0.073058,0.007225,-0.26883,0.009564,0.175569,-0.16405,0.024279,-0.096878,-0.081397,0.029016,-0.102039,-0.048057,-0.063808,-0.131303,-0.089889,-0.03253,0.00098,0.273934,-0.00635,0.197188,0.007743,-0.063163,-0.039345,0.080218,-0.07576,-0.169956,0.013456,0.24868,0.10909,0.160588,-0.059242,0.071561,-0.369829,0.016746,0.046398,-0.128685,-0.217866,0.030511,-0.003661,0.049346,0.018181,-0.087413,0.082784,-0.001395,0.007712,0.124849,-0.072237,0.118341,-0.154552,0.132883,0.155085,-0.004386,-0.080039,-0.061874,-0.070442,-0.041855,0.134223,0.190757,-0.082438,0.033467,-0.105236,0.05883,-0.203924,-0.075376,-0.287032
0.199627,-0.403854,-0.019258,-0.212858,0.405167,-0.107305,0.039302,0.497878,-0.303778,0.039556,0.004274,0.481093,0.173804,-0.046648,0.221097,-0.355653,0.461762,-0.36984,-0.234914,0.452688,-0.315104,0.443783,-1.142292,0.143354,-0.196019,-0.113286,0.070426,-0.375109,0.06549,0.227295,0.302542,0.303064,0.076094,-0.342318,-0.368199,0.506304,0.106062,-1.030076,-0.321008,0.247949,0.036295,0.286451,0.842932,-0.01869,-0.089321,0.212271,0.309407,0.072848,0.199275,-0.280367,0.337483,0.495468,0.644969,-0.049906,0.20647,-0.189895,0.333779,-0.324297,0.282617,-0.174463,0.846877,-0.006721,-0.156744,0.299101,0.015245,0.609118,0.132115,0.446963,-0.261127,0.224152
0.60007,-0.067528,-0.595981,0.044891,0.004241,-0.055626,-0.289282,-0.130465,0.032459,0.263083,-0.107273,0.187833,0.125132,-0.066461,-0.027574,-0.413859,0.203314,-0.046447,-0.107548,0.084536,-0.078058,-0.039117,-0.053772,-0.188996,-0.124344,0.087446,-0.087859,-0.017899,-0.074996,0.330423,-0.110452,0.189303,0.05072,-0.067878,-0.242896,-0.11068,-0.237116,-0.925311,-0.270765,-0.139337,-0.006545,0.086223,0.091162,-0.089072,0.347525,-0.078926,0.047197,-0.159223,0.024004,-0.231629,-0.076426,-0.100248,0.066268,-0.488248,0.245691,-0.056716,-0.093289,-0.258102,-0.063409,-0.288078,-0.186944,-0.154604,-0.081828,0.173256,-0.08645,0.081077,0.022186,0.2338,-0.166286,-0.144585
0.0241,-0.035412,0.135394,-0.082815,-0.073829,-0.002211,0.161829,-0.22105,-0.016906,0.035087,0.190416,-0.183941,-0.165782,0.119133,0.157305,-0.195518,-0.153124,-0.043574,-0.143151,-0.086535,-0.034473,-0.147865,0.777837,-0.022624,0.073878,0.003136,-0.146063,0.076393,0.060982,-0.250562,-0.200559,-0.003712,0.056339,0.064843,-0.276204,-0.201137,-0.190339,-0.362657,0.037115,0.04979,-0.049346,0.048929,-0.103646,0.017503,-0.010145,-0.050912,-0.053541,0.173855,0.18426,-0.017663,0.02586,-0.128,-0.180915,-0.173458,-0.005523,-0.136505,0.053219,-0.245341,0.008612,-0.105084,-0.105071,0.051808,0.144566,0.186496,-0.023378,-0.056516,0.100917,-0.031809,-0.08847,-0.181013
-0.491897,0.063395,-0.128475,0.026946,-0.02048,0.121255,-0.005288,-0.057441,0.076637,0.045857,0.217029,-0.179674,-0.094823,-0.043911,-0.185549,-0.023812,-0.050942,0.01715,0.131847,0.026118,0.020654,-0.185084,0.328152,-0.043112,-0.004662,0.059787,-0.056126,-0.174408,-0.203505,-0.052601,-0.196631,-0.15347,0.110387,-0.091292,0.102576,-0.030132,-0.16685,0.011805,-0.273002,-0.032939,-0.242327,-0.175744,-0.213422,0.041833,0.027629,-0.168561,-0.174261,0.029872,0.041792,0.049018,-0.363191,-0.16812,-0.3048,0.096759,-0.124313,0.043856,-0.152174,-0.021064,-0.079494,0.002622,-0.1108,-0.079763,-0.097604,-0.144083,-0.047852,-0.204385,0.068569,-0.180219,-0.205583,-0.207347
-0.275272,-0.135382,-0.324012,0.032219,0.003106,-0.004449,-0.017671,0.290307,-0.066008,0.095563,0.138783,-0.123322,-0.204386,-0.148609,0.004982,0.011434,-0.140189,0.027974,0.151687,-0.036506,-0.061621,-0.037212,-0.243242,0.071409,0.001932,-0.038158,0.111145,0.058791,0.01052,-0.113151,-0.041563,-0.204678,0.063338,0.101778,-0.057497,0.086049,0.067502,-0.11628,0.020483,0.211827,0.059082,-0.040563,-0.153268,-0.000063,-0.052593,0.049357,0.128803,-0.061526,-0.13365,-0.123036,-0.296694,0.229677,-0.095092,0.046637,-0.010126,0.095182,0.117118,0.296853,-0.007136,0.303482,-0.159048,-0.213405,0.303656,-0.348349,0.069684,-0.256328,0.101723,0.115966,0.125892,0.204376
-0.431607,-0.018182,-0.033221,-0.217677,0.057549,-0.0384,0.253538,0.088988,0.091832,0.068028,-0.1722,0.062918,0.121417,0.111508,0.039534,-0.252828,-0.013596,-0.053434,-0.09084,-0.007539,-0.18493,-0.088284,-0.919272,0.198148,0.110964,-0.264103,0.389153,-0.204245,0.307415,0.041411,-0.175652,0.088406,-0.079594,0.183618,-0.225278,-0.043983,-0.404918,-0.454989,-0.012187,0.074177,-0.108541,0.264559,0.192586,0.076281,-0.090203,0.116957,-0.001172,-0.013181,-0.05715,-0.177078,0.200042,-0.041869,0.094863,-0.18903,0.061742,-0.18074,0.031108,-0.179417,0.009068,-0.113633,0.100699,0.028123,0.100031,-0.016086,0.358199,0.118748,0.08107,-0.081784,-0.115383,-0.046453
0.074967,-0.12735,-0.240811,-0.037584,0.035714,-0.43119,-0.154309,0.160049,-0.17279,0.146073,0.170793,0.431347,0.222745,-0.162915,0.430861,-0.305451,0.724928,-0.11977,-0.118006,0.513847,-0.319461,0.160183,-0.901993,-0.00667,-0.080558,-0.050057,-0.039007,-0.245187,0.084861,0.702837,0.437211,0.474456,0.054253,-0.11781,-0.615539,0.070102,0.00953,-0.563026,-0.121883,0.163873,-0.207377,-0.175396,0.259107,0.15,-0.011232,-0.091541,0.01196,0.03299,0.139768,-0.085456,0.158506,0.302415,0.749478,-0.306867,0.214024,-0.207411,0.228945,0.206469,-0.081721,0.104964,0.352103,0.280726,-0.228779,0.195978,0.319949,0.5217,0.160157,0.226597,-0.052955,-0.09877
0.664006,-0.028111,-0.179418,-0.070884,0.048793,-0.001349,-0.18785,-0.000023,-0.260852,0.111592,-0.191962,0.237564,0.04872,0.012922,-0.080075,-0.354038,0.197592,-0.004051,-0.026284,0.159233,-0.052993,-0.041484,0.03332,-0.237646,0.31151,-0.229568,-0.20431,-0.134905,-0.038749,0.467372,-0.155492,0.176163,-0.008872,-0.293532,-0.297372,-0.108523,-0.294001,-0.627152,0.012088,-0.031134,0.476444,0.243704,0.063602,0.103373,-0.111124,-0.008619,0.008618,-0.127818,-0.02644,-0.260874,0.033652,-0.025331,-0.311641,-0.285406,0.022806,-0.061737,-0.073043,-0.207927,-0.09169,-0.157788,-0.137062,-0.016521,-0.193006,0.130795,-0.001237,0.016746,-0.015542,0.273885,0.175237,-0.039909
-0.234197,-0.058229,-0.55361,-0.097793,-0.15778,0.226956,0.416572,-0.005744,-0.068708,-0.166337,-0.133161,-0.253044,-0.193141,0.130228,0.017528,-0.070628,-0.197601,-0.172178,-0.100074,-0.123851,-0.204782,-0.106106,-0.846611,0.064331,-0.067701,0.20242,0.100727,-0.141751,-0.024565,-0.34063,-0.136859,-0.312328,-0.153891,-0.257194,0.004269,-0.112307,-0.17804,-0.267957,-0.100947,-0.078974,-0.084506,0.06043,-0.245586,-0.063214,0.000026,-0.069639,-0.083699,0.27064,-0.123438,-0.046232,-0.198473,-0.234552,-0.039079,-0.366089,-0.098186,-0.260399,-0.101396,0.115763,-0.169348,-0.001617,0.531042,0.231451,-0.174647,-0.396817,-0.260318,-0.440378,-0.063138,-0.386871,-0.627228,-0.142251
0.274072,-0.1059,0.203276,-0.061067,-0.100202,-0.40438,-0.085191,-0.036268,-0.253699,0.036598,0.064511,0.382949,0.131203,-0.019372,0.295444,0.049701,0.488333,-0.245894,-0.095935,0.307953,-0.152793,0.080918,-0.853218,0.094927,0.112175,0.041993,-0.016164,-0.262776,0.376631,0.175022,0.207124,0.332167,0.042413,-0.043229,-0.410224,0.14311,0.444192,-0.387841,-0.197601,0.105565,0.024705,0.020379,-0.009184,0.190733,-0.111728,0.037705,0.050995,-0.01996,0.326362,-0.216531,-0.053081,0.164949,0.508523,-0.412803,0.245236,-0.195341,0.16197,0.013784,0.061287,-0.00407,0.369111,0.157804,-0.054686,0.47343,0.117017,0.192226,0.084721,-0.029949,0.167364,0.000677
-0.35725,-0.068535,-0.221108,-0.036466,-0.08649,-0.069679,0.55772,0.450663,-0.293762,-0.158755,-0.070125,0.042793,-0.050089,0.232939,0.153844,-0.268618,0.018613,-0.083691,-0.237877,-0.010057,-0.22078,-0.046952,-0.991846,0.211674,0.257417,0.024921,-0.038706,-0.319893,0.291127,-0.023467,0.051719,-0.055546,0.110173,0.457918,-0.318813,0.017327,0.524579,-0.872643,-0.186108,-0.003375,0.099394,0.233879,0.194542,0.156531,-0.117808,0.117302,-0.0674,0.626149,0.079773,-0.260429,-0.125259,0.00804,-0.237879,0.003608,-0.018608,-0.179316,0.133373,-0.347922,0.001645,-0.137182,0.1739,0.111058,0.235297,0.100327,-0.153887,0.074823,-0.058649,-0.017991,0.089997,0.000651
